//CFM56-5B3 A321
//CLIMB N1
[000]
FORMAT.
ROW.
0 2000 4000 6000 8000 10000 12000 14000 16000 18000 20000 22000 24000 26000 28000 30000 32000 34000 36000 38000 39800
ROWEND.
COLUMN.
0.000 0.100 0.200 0.250 0.300 0.400 0.500 0.600 0.650 0.700 0.725 0.760 0.780 0.800 0.820 COLLINE
0.000 0.100 0.200 0.250 0.300 0.400 0.500 0.600 0.650 0.700 0.725 0.760 0.780 0.800 0.820 COLLINE
0.000 0.100 0.200 0.250 0.300 0.400 0.500 0.600 0.650 0.700 0.725 0.760 0.780 0.800 0.820 COLLINE
0.000 0.100 0.200 0.250 0.300 0.400 0.500 0.600 0.650 0.700 0.725 0.760 0.780 0.800 0.820 COLLINE
0.000 0.100 0.200 0.250 0.300 0.400 0.500 0.600 0.650 0.700 0.725 0.760 0.780 0.800 0.820 COLLINE
0.000 0.100 0.200 0.250 0.300 0.400 0.500 0.600 0.650 0.700 0.725 0.760 0.780 0.800 0.820 COLLINE
0.000 0.100 0.200 0.250 0.300 0.400 0.500 0.600 0.650 0.700 0.725 0.760 0.780 0.800 0.820 COLLINE
0.000 0.100 0.200 0.250 0.300 0.400 0.500 0.600 0.650 0.700 0.725 0.760 0.780 0.800 0.820 COLLINE
0.000 0.100 0.200 0.250 0.300 0.400 0.500 0.600 0.650 0.700 0.725 0.760 0.780 0.800 0.820 COLLINE
0.000 0.100 0.200 0.250 0.300 0.400 0.500 0.600 0.650 0.700 0.725 0.760 0.780 0.800 0.820 COLLINE
0.000 0.100 0.200 0.250 0.300 0.400 0.500 0.600 0.650 0.700 0.725 0.760 0.780 0.800 0.820 COLLINE
0.000 0.100 0.200 0.250 0.300 0.400 0.500 0.600 0.650 0.700 0.725 0.760 0.780 0.800 0.820 COLLINE
0.000 0.100 0.200 0.250 0.300 0.400 0.500 0.600 0.650 0.700 0.725 0.760 0.780 0.800 0.820 COLLINE
0.000 0.100 0.200 0.250 0.300 0.400 0.500 0.600 0.650 0.700 0.725 0.760 0.780 0.800 0.820 COLLINE
0.000 0.100 0.200 0.250 0.300 0.400 0.500 0.600 0.650 0.700 0.725 0.760 0.780 0.800 0.820 COLLINE
0.000 0.100 0.200 0.250 0.300 0.400 0.500 0.600 0.650 0.700 0.725 0.760 0.780 0.800 0.820 COLLINE
0.000 0.100 0.200 0.250 0.300 0.400 0.500 0.600 0.650 0.700 0.725 0.760 0.780 0.800 0.820 COLLINE
0.000 0.100 0.200 0.250 0.300 0.400 0.500 0.600 0.650 0.700 0.725 0.760 0.780 0.800 0.820 COLLINE
0.000 0.100 0.200 0.250 0.300 0.400 0.500 0.600 0.650 0.700 0.725 0.760 0.780 0.800 0.820 COLLINE
0.000 0.100 0.200 0.250 0.300 0.400 0.500 0.600 0.650 0.700 0.725 0.760 0.780 0.800 0.820 COLLINE
0.000 0.100 0.200 0.250 0.300 0.400 0.500 0.600 0.650 0.700 0.725 0.760 0.780 0.800 0.820 COLLINE
COLUMNEND.
GROUP.
10 20 30 40
GROUPEND.
FORMATEND.
87.185 87.281 87.567 87.468 87.412 89.883 89.665 89.377 88.150 86.944 86.500 85.887 85.541 85.198 84.858
87.553 87.649 87.936 87.838 87.785 90.289 90.162 89.985 89.073 88.176 87.762 87.191 86.870 86.551 86.236
87.851 87.948 88.235 88.139 88.088 90.623 90.580 90.489 89.877 89.281 88.894 88.363 88.064 87.768 87.476
88.099 88.200 88.498 88.410 88.366 90.907 90.905 90.877 90.434 90.022 89.679 89.193 88.919 88.648 88.381
88.294 88.396 88.698 88.632 88.613 91.142 91.142 91.156 90.779 90.433 90.123 89.700 89.463 89.221 88.981
88.424 88.526 88.828 88.775 88.768 91.304 91.314 91.367 91.051 90.767 90.487 90.107 89.895 89.688 89.483
88.980 89.082 89.386 89.344 89.349 91.853 91.822 91.794 91.533 91.303 91.068 90.751 90.576 90.405 90.238
89.442 89.545 89.850 89.819 89.835 92.309 92.210 92.140 91.928 91.749 91.556 91.297 91.156 91.019 90.886
89.814 89.918 90.225 90.204 90.230 92.676 92.514 92.387 92.242 92.109 91.955 91.751 91.640 91.535 91.433
90.455 90.559 90.869 90.662 90.502 92.890 92.858 92.710 92.545 92.412 92.267 92.077 91.975 91.877 91.783
91.259 91.370 91.685 91.450 91.262 93.380 93.106 92.938 92.755 92.605 92.464 92.278 92.166 92.059 91.957
91.611 91.722 92.052 91.886 91.770 94.040 93.785 93.447 93.106 92.796 92.682 92.536 92.459 92.387 92.314
91.867 91.980 92.312 92.199 92.136 94.586 94.351 93.855 93.367 92.910 92.822 92.711 92.654 92.603 92.555
91.755 91.868 92.203 92.104 92.054 94.544 94.490 94.219 93.677 93.166 93.036 92.866 92.775 92.689 92.608
91.305 91.419 91.755 91.637 91.569 94.006 94.205 94.541 94.023 93.540 93.309 92.997 92.825 92.657 92.493
90.811 90.926 91.265 91.130 91.045 93.433 93.868 94.733 94.272 93.816 93.492 93.049 92.802 92.558 92.319
90.711 90.828 91.171 91.165 91.209 93.752 94.021 94.483 94.465 94.482 94.280 93.986 93.825 93.669 93.517
90.526 90.645 90.994 91.107 91.271 93.963 94.076 94.169 94.560 94.987 94.885 94.757 94.690 94.617 94.545
90.209 90.336 90.710 90.946 91.231 94.069 94.040 93.790 94.558 95.363 95.353 95.354 95.360 95.372 95.389
89.721 89.852 90.236 90.470 90.756 93.572 93.519 93.255 94.017 94.815 94.829 94.862 94.887 94.917 94.952
89.300 89.435 89.831 90.064 90.351 93.152 93.088 92.812 93.571 94.366 94.400 94.460 94.501 94.547 94.598
85.779 85.875 86.163 86.041 85.963 88.261 87.822 87.497 86.469 85.463 85.077 84.544 84.243 83.936 83.632
86.053 86.150 86.439 86.333 86.271 88.703 88.461 88.244 87.399 86.577 86.230 85.753 85.486 85.222 84.960
86.264 86.361 86.651 86.560 86.514 89.065 89.004 88.898 88.222 87.573 87.262 86.837 86.599 86.365 86.134
86.489 86.587 86.878 86.790 86.746 89.343 89.392 89.416 88.881 88.374 88.083 87.685 87.463 87.244 87.029
86.723 86.821 87.113 87.016 86.964 89.545 89.652 89.785 89.388 88.997 88.709 88.317 88.097 87.882 87.671
86.891 86.990 87.282 87.178 87.118 89.684 89.844 90.075 89.786 89.528 89.245 88.857 88.641 88.428 88.219
87.512 87.616 87.923 87.855 87.824 90.347 90.407 90.551 90.310 90.101 89.862 89.537 89.347 89.160 88.978
88.033 88.137 88.447 88.404 88.408 90.911 90.878 90.942 90.746 90.582 90.373 90.092 89.938 89.788 89.634
88.460 88.565 88.877 88.857 88.884 91.360 91.263 91.252 91.098 90.975 90.794 90.552 90.420 90.292 90.169
88.755 88.860 89.174 89.150 89.173 91.726 91.675 91.553 91.422 91.323 91.165 90.956 90.843 90.734 90.630
89.050 89.156 89.472 89.451 89.477 92.024 91.940 91.776 91.590 91.433 91.289 91.100 90.999 90.901 90.808
89.362 89.469 89.787 89.757 89.775 92.302 92.220 92.061 91.869 91.690 91.542 91.345 91.239 91.137 91.040
89.586 89.695 90.015 89.978 89.988 92.495 92.416 92.263 92.042 91.854 91.715 91.513 91.402 91.296 91.195
89.419 89.533 89.871 89.797 89.764 92.236 92.307 92.425 92.148 91.904 91.773 91.602 91.511 91.413 91.318
88.909 89.024 89.364 89.222 89.130 91.570 91.925 92.546 92.189 91.863 91.752 91.609 91.534 91.463 91.396
88.362 88.478 88.820 88.611 88.452 90.859 91.502 92.587 92.157 91.757 91.664 91.547 91.486 91.430 91.378
89.222 89.340 89.690 89.488 89.336 91.586 91.774 92.238 92.195 92.184 92.131 92.070 92.041 92.016 91.997
89.920 90.041 90.398 90.203 90.059 92.171 91.920 91.824 92.150 92.498 92.482 92.472 92.472 92.478 92.487
90.470 90.594 90.961 90.769 90.630 92.620 91.965 91.327 91.999 92.700 92.719 92.757 92.785 92.817 92.854
89.730 89.859 90.236 90.066 89.951 92.010 91.421 90.813 91.483 92.185 92.212 92.261 92.295 92.334 92.377
89.104 89.236 89.622 89.475 89.381 91.497 90.969 90.386 91.057 91.759 91.794 91.854 91.894 91.939 91.988
84.133 84.227 84.505 84.333 84.204 86.450 86.054 85.875 85.113 84.355 83.980 83.463 83.172 82.884 82.598
84.475 84.573 84.863 84.723 84.624 86.957 86.658 86.529 85.916 85.330 85.025 84.600 84.363 84.128 83.897
84.743 84.841 85.133 85.027 84.966 87.387 87.179 87.097 86.623 86.177 85.942 85.620 85.433 85.248 85.067
84.964 85.062 85.355 85.255 85.200 87.694 87.598 87.608 87.214 86.849 86.652 86.387 86.242 86.100 85.953
85.137 85.235 85.529 85.416 85.348 87.872 87.923 88.063 87.696 87.359 87.181 86.942 86.812 86.685 86.563
85.249 85.348 85.643 85.518 85.438 87.990 88.157 88.440 88.098 87.787 87.626 87.412 87.296 87.183 87.075
85.926 86.026 86.324 86.211 86.143 88.692 88.832 89.078 88.772 88.488 88.326 88.111 87.995 87.882 87.773
86.504 86.605 86.904 86.803 86.747 89.294 89.407 89.603 89.338 89.091 88.928 88.712 88.595 88.481 88.372
86.973 87.079 87.390 87.300 87.255 89.799 89.889 90.037 89.795 89.585 89.434 89.219 89.101 88.987 88.877
87.326 87.433 87.750 87.675 87.647 90.247 90.312 90.295 90.170 90.077 89.913 89.695 89.576 89.450 89.329
87.631 87.739 88.059 88.021 88.030 90.647 90.641 90.537 90.358 90.210 90.044 89.823 89.703 89.587 89.474
87.691 87.800 88.122 88.158 88.243 90.967 90.999 90.822 90.625 90.459 90.302 90.094 89.981 89.872 89.768
87.682 87.792 88.116 88.223 88.378 91.200 91.239 91.026 90.813 90.631 90.483 90.286 90.180 90.079 89.981
87.343 87.453 87.779 87.880 88.029 90.877 91.079 91.121 90.918 90.727 90.581 90.389 90.285 90.185 90.089
86.707 86.818 87.146 87.174 87.250 90.058 90.560 91.114 90.917 90.751 90.602 90.406 90.300 90.197 90.099
86.041 86.158 86.490 86.450 86.459 89.232 90.012 91.039 90.841 90.675 90.539 90.357 90.248 90.144 90.044
86.625 86.744 87.096 87.037 87.029 89.570 89.939 90.521 90.614 90.740 90.701 90.659 90.641 90.628 90.613
87.069 87.191 87.551 87.464 87.429 89.793 89.791 89.965 90.327 90.722 90.773 90.856 90.910 90.969 91.033
87.376 87.501 87.869 87.758 87.699 89.871 89.565 89.370 89.979 90.622 90.755 90.954 91.074 91.200 91.330
86.818 86.947 87.326 87.220 87.166 89.341 89.045 88.874 89.524 90.208 90.345 90.550 90.673 90.802 90.935
86.337 86.470 86.860 86.758 86.711 88.892 88.608 88.459 89.145 89.865 90.006 90.217 90.344 90.475 90.611
82.300 82.394 82.672 82.505 82.380 84.682 84.411 84.425 83.879 83.359 82.986 82.465 82.171 81.880 81.592
82.722 82.816 83.096 82.943 82.833 85.174 84.940 84.967 84.573 84.206 83.914 83.516 83.293 83.072 82.851
83.072 83.167 83.449 83.310 83.215 85.592 85.391 85.418 85.180 84.957 84.741 84.449 84.288 84.130 83.976
83.359 83.458 83.741 83.603 83.508 85.903 85.762 85.849 85.678 85.530 85.369 85.154 85.037 84.923 84.814
83.567 83.667 83.962 83.822 83.720 86.115 86.058 86.266 86.078 85.921 85.808 85.648 85.559 85.475 85.394
83.713 83.813 84.110 83.959 83.853 86.266 86.288 86.608 86.405 86.232 86.152 86.052 86.001 85.944 85.891
84.329 84.430 84.729 84.604 84.524 86.997 87.044 87.293 87.078 86.892 86.815 86.720 86.672 86.628 86.588
84.850 84.952 85.254 85.153 85.097 87.620 87.689 87.881 87.654 87.458 87.384 87.292 87.246 87.204 87.167
85.281 85.384 85.689 85.609 85.576 88.145 88.220 88.378 88.140 87.932 87.861 87.774 87.730 87.690 87.655
85.718 85.821 86.129 86.006 85.929 88.566 88.732 88.821 88.703 88.595 88.475 88.318 88.234 88.155 88.080
86.093 86.198 86.508 86.423 86.384 89.019 89.128 89.158 88.975 88.823 88.676 88.479 88.373 88.271 88.172
86.190 86.300 86.625 86.628 86.669 89.408 89.522 89.486 89.286 89.117 88.973 88.781 88.667 88.558 88.453
86.214 86.324 86.652 86.728 86.854 89.709 89.827 89.730 89.515 89.331 89.180 88.979 88.870 88.766 88.657
85.818 85.929 86.259 86.352 86.494 89.411 89.711 89.841 89.617 89.423 89.271 89.071 88.961 88.856 88.755
85.048 85.160 85.492 85.552 85.660 88.588 89.203 89.830 89.602 89.404 89.257 89.064 88.960 88.859 88.763
84.265 84.379 84.712 84.743 84.822 87.760 88.648 89.753 89.523 89.321 89.180 88.994 88.894 88.797 88.705
84.604 84.719 85.060 85.077 85.144 87.898 88.436 89.156 89.282 89.421 89.371 89.312 89.284 89.261 89.242
84.826 84.944 85.292 85.299 85.355 87.942 88.160 88.529 88.959 89.424 89.471 89.530 89.570 89.614 89.663
84.910 85.036 85.407 85.409 85.456 87.893 87.820 87.868 88.578 89.325 89.450 89.638 89.752 89.859 89.970
84.349 84.479 84.860 84.861 84.908 87.336 87.271 87.347 88.081 88.852 88.981 89.174 89.291 89.402 89.516
83.864 83.997 84.390 84.390 84.437 86.863 86.810 86.911 87.667 88.459 88.592 88.791 88.911 89.026 89.142

//MCT N1
[001]
FORMAT.
ROW.
0 2000 4000 6000 8000 10000 12000 14000 16000 18000 20000 22000 24000 26000 28000 30000 32000 34000 36000 38000 39800
ROWEND.
COLUMN.
0.000 0.100 0.200 0.250 0.300 0.400 0.500 0.600 0.650 0.700 0.725 0.760 0.780 0.800 0.820 COLLINE
0.000 0.100 0.200 0.250 0.300 0.400 0.500 0.600 0.650 0.700 0.725 0.760 0.780 0.800 0.820 COLLINE
0.000 0.100 0.200 0.250 0.300 0.400 0.500 0.600 0.650 0.700 0.725 0.760 0.780 0.800 0.820 COLLINE
0.000 0.100 0.200 0.250 0.300 0.400 0.500 0.600 0.650 0.700 0.725 0.760 0.780 0.800 0.820 COLLINE
0.000 0.100 0.200 0.250 0.300 0.400 0.500 0.600 0.650 0.700 0.725 0.760 0.780 0.800 0.820 COLLINE
0.000 0.100 0.200 0.250 0.300 0.400 0.500 0.600 0.650 0.700 0.725 0.760 0.780 0.800 0.820 COLLINE
0.000 0.100 0.200 0.250 0.300 0.400 0.500 0.600 0.650 0.700 0.725 0.760 0.780 0.800 0.820 COLLINE
0.000 0.100 0.200 0.250 0.300 0.400 0.500 0.600 0.650 0.700 0.725 0.760 0.780 0.800 0.820 COLLINE
0.000 0.100 0.200 0.250 0.300 0.400 0.500 0.600 0.650 0.700 0.725 0.760 0.780 0.800 0.820 COLLINE
0.000 0.100 0.200 0.250 0.300 0.400 0.500 0.600 0.650 0.700 0.725 0.760 0.780 0.800 0.820 COLLINE
0.000 0.100 0.200 0.250 0.300 0.400 0.500 0.600 0.650 0.700 0.725 0.760 0.780 0.800 0.820 COLLINE
0.000 0.100 0.200 0.250 0.300 0.400 0.500 0.600 0.650 0.700 0.725 0.760 0.780 0.800 0.820 COLLINE
0.000 0.100 0.200 0.250 0.300 0.400 0.500 0.600 0.650 0.700 0.725 0.760 0.780 0.800 0.820 COLLINE
0.000 0.100 0.200 0.250 0.300 0.400 0.500 0.600 0.650 0.700 0.725 0.760 0.780 0.800 0.820 COLLINE
0.000 0.100 0.200 0.250 0.300 0.400 0.500 0.600 0.650 0.700 0.725 0.760 0.780 0.800 0.820 COLLINE
0.000 0.100 0.200 0.250 0.300 0.400 0.500 0.600 0.650 0.700 0.725 0.760 0.780 0.800 0.820 COLLINE
0.000 0.100 0.200 0.250 0.300 0.400 0.500 0.600 0.650 0.700 0.725 0.760 0.780 0.800 0.820 COLLINE
0.000 0.100 0.200 0.250 0.300 0.400 0.500 0.600 0.650 0.700 0.725 0.760 0.780 0.800 0.820 COLLINE
0.000 0.100 0.200 0.250 0.300 0.400 0.500 0.600 0.650 0.700 0.725 0.760 0.780 0.800 0.820 COLLINE
0.000 0.100 0.200 0.250 0.300 0.400 0.500 0.600 0.650 0.700 0.725 0.760 0.780 0.800 0.820 COLLINE
0.000 0.100 0.200 0.250 0.300 0.400 0.500 0.600 0.650 0.700 0.725 0.760 0.780 0.800 0.820 COLLINE
COLUMNEND.
GROUP.
10 20 30 40
GROUPEND.
FORMATEND.
94.668 94.769 95.069 95.022 95.022 94.706 93.554 91.972 90.625 89.296 88.745 87.982 87.549 87.119 86.691
95.061 95.162 95.463 95.409 95.401 95.170 94.327 93.203 92.117 91.046 90.576 89.926 89.560 89.196 88.836
95.382 95.483 95.784 95.723 95.709 95.557 95.002 94.287 93.451 92.630 92.235 91.693 91.389 91.087 90.788
95.865 95.971 96.284 96.172 96.108 95.923 95.515 95.061 94.377 93.723 93.388 92.916 92.650 92.388 92.129
96.485 96.592 96.909 96.719 96.578 96.267 95.879 95.550 94.945 94.371 94.060 93.636 93.399 93.157 92.916
97.011 97.118 97.436 97.162 96.937 96.529 96.167 95.955 95.424 94.925 94.634 94.239 94.020 93.804 93.593
97.730 97.838 98.157 97.902 97.695 97.302 96.877 96.476 95.892 95.339 95.059 94.680 94.469 94.263 94.061
98.345 98.453 98.773 98.536 98.347 97.967 97.450 96.908 96.274 95.671 95.402 95.037 94.834 94.636 94.442
98.861 98.970 99.292 99.068 98.895 98.529 97.926 97.233 96.575 95.926 95.666 95.314 95.119 94.928 94.742
98.303 98.411 98.734 98.445 98.208 97.550 96.668 95.867 95.394 94.952 94.771 94.529 94.397 94.270 94.147
98.452 98.567 98.893 98.646 98.448 97.655 96.568 95.705 95.214 94.755 94.615 94.429 94.317 94.211 94.108
96.781 96.895 97.234 97.060 96.939 96.510 95.783 95.042 94.523 94.035 93.922 93.776 93.699 93.627 93.555
95.165 95.279 95.617 95.503 95.439 95.377 94.992 94.366 93.821 93.306 93.218 93.107 93.051 92.999 92.952
91.755 91.868 92.203 92.104 92.054 94.544 94.490 94.219 93.677 93.166 93.036 92.866 92.775 92.689 92.608
91.305 91.419 91.755 91.637 91.569 94.006 94.205 94.541 94.023 93.540 93.309 92.997 92.825 92.657 92.493
90.811 90.926 91.265 91.130 91.045 93.433 93.868 94.733 94.272 93.816 93.492 93.049 92.802 92.558 92.319
90.711 90.828 91.171 91.165 91.209 93.752 94.021 94.483 94.465 94.482 94.280 93.986 93.825 93.669 93.517
90.526 90.645 90.994 91.107 91.271 93.963 94.076 94.169 94.560 94.987 94.885 94.757 94.690 94.617 94.545
90.209 90.336 90.710 90.946 91.231 94.069 94.040 93.790 94.558 95.363 95.353 95.354 95.360 95.372 95.389
89.721 89.852 90.236 90.470 90.756 93.572 93.519 93.255 94.017 94.815 94.829 94.862 94.887 94.917 94.952
89.300 89.435 89.831 90.064 90.351 93.152 93.088 92.812 93.571 94.366 94.400 94.460 94.501 94.547 94.598
93.479 93.581 93.886 93.627 93.415 93.059 92.066 90.488 88.969 87.467 87.064 86.509 86.197 85.878 85.560
93.851 93.953 94.258 94.084 93.958 93.729 93.005 91.865 90.710 89.577 89.182 88.638 88.331 88.028 87.728
94.152 94.255 94.560 94.466 94.418 94.300 93.826 93.103 92.288 91.499 91.109 90.574 90.273 89.976 89.682
94.491 94.594 94.900 94.849 94.844 94.792 94.425 93.904 93.281 92.688 92.338 91.859 91.589 91.322 91.060
94.860 94.963 95.270 95.228 95.234 95.206 94.835 94.281 93.747 93.218 92.934 92.548 92.334 92.123 91.917
95.153 95.257 95.565 95.532 95.547 95.542 95.168 94.578 94.105 93.662 93.442 93.143 92.978 92.818 92.662
95.934 96.043 96.367 96.251 96.173 95.993 95.573 95.053 94.551 94.080 93.846 93.527 93.341 93.158 92.980
96.603 96.713 97.039 96.835 96.680 96.360 95.899 95.442 94.914 94.417 94.157 93.806 93.611 93.420 93.226
97.169 97.279 97.607 97.320 97.083 96.623 96.146 95.750 95.197 94.676 94.393 94.009 93.796 93.587 93.381
96.542 96.653 96.980 96.649 96.367 95.626 94.961 94.646 94.314 94.014 93.820 93.561 93.419 93.282 93.149
96.769 96.880 97.210 96.875 96.590 95.680 94.781 94.355 94.098 93.870 93.677 93.419 93.278 93.141 93.009
94.837 94.948 95.276 95.066 94.905 94.410 93.858 93.548 93.315 93.096 92.918 92.681 92.552 92.428 92.307
92.983 93.093 93.420 93.327 93.283 93.170 92.940 92.738 92.505 92.304 92.155 91.940 91.822 91.709 91.600
89.419 89.533 89.871 89.797 89.764 92.236 92.307 92.425 92.148 91.904 91.773 91.602 91.511 91.413 91.318
88.909 89.024 89.364 89.222 89.130 91.570 91.925 92.546 92.189 91.863 91.752 91.609 91.534 91.463 91.396
88.362 88.478 88.820 88.611 88.452 90.859 91.502 92.587 92.157 91.757 91.664 91.547 91.486 91.430 91.378
89.222 89.340 89.690 89.488 89.336 91.586 91.774 92.238 92.195 92.184 92.131 92.070 92.041 92.016 91.997
89.920 90.041 90.398 90.203 90.059 92.171 91.920 91.824 92.150 92.498 92.482 92.472 92.472 92.478 92.487
90.470 90.594 90.961 90.769 90.630 92.620 91.965 91.327 91.999 92.700 92.719 92.757 92.785 92.817 92.854
89.730 89.859 90.236 90.066 89.951 92.010 91.421 90.813 91.483 92.185 92.212 92.261 92.295 92.334 92.377
89.104 89.236 89.622 89.475 89.381 91.497 90.969 90.386 91.057 91.759 91.794 91.854 91.894 91.939 91.988
91.945 92.044 92.339 92.148 92.002 91.613 90.355 88.427 87.357 86.289 85.898 85.357 85.053 84.752 84.453
92.381 92.484 92.793 92.608 92.468 92.175 91.382 90.204 89.254 88.326 87.969 87.473 87.194 86.919 86.647
92.736 92.839 93.149 92.977 92.852 92.656 92.294 91.818 90.976 90.160 89.840 89.402 89.146 88.894 88.645
93.136 93.240 93.550 93.392 93.282 93.133 92.946 92.787 92.077 91.392 91.100 90.703 90.482 90.265 90.042
93.573 93.678 93.989 93.852 93.763 93.586 93.361 93.177 92.612 92.078 91.815 91.458 91.259 91.065 90.874
93.930 94.036 94.348 94.231 94.161 93.956 93.677 93.492 93.064 92.666 92.431 92.112 91.935 91.762 91.593
94.509 94.615 94.929 94.786 94.691 94.487 94.162 93.854 93.373 92.913 92.703 92.420 92.265 92.114 91.967
94.995 95.101 95.417 95.251 95.132 94.929 94.563 94.119 93.597 93.093 92.906 92.657 92.521 92.390 92.263
95.376 95.488 95.815 95.627 95.487 95.286 94.881 94.313 93.738 93.193 93.042 92.827 92.708 92.595 92.485
94.684 94.796 95.128 94.933 94.787 94.448 94.012 93.629 93.307 93.017 92.805 92.522 92.366 92.203 92.044
94.944 95.057 95.391 95.106 94.871 94.304 93.702 93.309 93.053 92.829 92.625 92.351 92.201 92.055 91.913
92.943 93.055 93.388 93.284 93.229 93.075 92.764 92.419 92.178 91.969 91.790 91.551 91.420 91.294 91.173
91.025 91.137 91.468 91.532 91.645 91.875 91.804 91.537 91.310 91.114 90.958 90.752 90.641 90.533 90.430
87.343 87.453 87.779 87.880 88.029 90.877 91.079 91.121 90.918 90.727 90.581 90.389 90.285 90.185 90.089
86.707 86.818 87.146 87.174 87.250 90.058 90.560 91.114 90.917 90.751 90.602 90.406 90.300 90.197 90.099
86.041 86.158 86.490 86.450 86.459 89.232 90.012 91.039 90.841 90.675 90.539 90.357 90.248 90.144 90.044
86.625 86.744 87.096 87.037 87.029 89.570 89.939 90.521 90.614 90.740 90.701 90.659 90.641 90.628 90.613
87.069 87.191 87.551 87.464 87.429 89.793 89.791 89.965 90.327 90.722 90.773 90.856 90.910 90.969 91.033
87.376 87.501 87.869 87.758 87.699 89.871 89.565 89.370 89.979 90.622 90.755 90.954 91.074 91.200 91.330
86.818 86.947 87.326 87.220 87.166 89.341 89.045 88.874 89.524 90.208 90.345 90.550 90.673 90.802 90.935
86.337 86.470 86.860 86.758 86.711 88.892 88.608 88.459 89.145 89.865 90.006 90.217 90.344 90.475 90.611
90.779 90.879 91.178 90.922 90.711 90.201 88.852 86.813 86.041 85.291 84.901 84.364 84.061 83.761 83.460
91.164 91.265 91.564 91.344 91.169 90.822 89.970 88.700 87.871 87.066 86.770 86.365 86.139 85.916 85.696
91.479 91.580 91.880 91.693 91.552 91.359 90.968 90.403 89.536 88.678 88.469 88.188 88.033 87.882 87.734
91.845 91.950 92.252 92.073 91.940 91.795 91.648 91.495 90.723 89.970 89.775 89.514 89.370 89.230 89.094
92.235 92.341 92.656 92.472 92.330 92.136 92.034 92.044 91.483 90.951 90.717 90.387 90.202 90.020 89.842
92.548 92.655 92.971 92.775 92.626 92.406 92.345 92.506 92.142 91.809 91.527 91.144 90.930 90.709 90.492
93.132 93.239 93.558 93.387 93.264 93.027 92.827 92.771 92.375 92.009 91.762 91.426 91.240 91.058 90.880
93.623 93.731 94.051 93.903 93.804 93.545 93.216 92.968 92.542 92.146 91.931 91.639 91.479 91.322 91.170
94.024 94.132 94.454 94.329 94.251 93.971 93.507 93.101 92.646 92.221 92.035 91.787 91.650 91.517 91.389
93.295 93.403 93.726 93.649 93.620 93.380 92.943 92.612 92.285 91.966 91.725 91.398 91.217 91.039 90.865
93.316 93.426 93.750 93.622 93.542 93.143 92.593 92.254 91.982 91.742 91.511 91.199 91.026 90.857 90.691
91.401 91.515 91.851 91.831 91.850 91.786 91.520 91.269 91.018 90.798 90.607 90.348 90.196 90.048 89.904
89.561 89.674 90.009 90.080 90.202 90.470 90.466 90.300 90.069 89.868 89.702 89.480 89.359 89.242 89.121
85.818 85.929 86.259 86.352 86.494 89.411 89.711 89.841 89.617 89.423 89.271 89.071 88.961 88.856 88.755
85.048 85.160 85.492 85.552 85.660 88.588 89.203 89.830 89.602 89.404 89.257 89.064 88.960 88.859 88.763
84.265 84.379 84.712 84.743 84.822 87.760 88.648 89.753 89.523 89.321 89.180 88.994 88.894 88.797 88.705
84.604 84.719 85.060 85.077 85.144 87.898 88.436 89.156 89.282 89.421 89.371 89.312 89.284 89.261 89.242
84.826 84.944 85.292 85.299 85.355 87.942 88.160 88.529 88.959 89.424 89.471 89.530 89.570 89.614 89.663
84.910 85.036 85.407 85.409 85.456 87.893 87.820 87.868 88.578 89.325 89.450 89.638 89.752 89.859 89.970
84.349 84.479 84.860 84.861 84.908 87.336 87.271 87.347 88.081 88.852 88.981 89.174 89.291 89.402 89.516
83.864 83.997 84.390 84.390 84.437 86.863 86.810 86.911 87.667 88.459 88.592 88.791 88.911 89.026 89.142

//TOGA N1
[002]
FORMAT.
ROW.
0 2000 4000 6000 8000 10000 12000 14000 16000 18000 20000 22000 24000 26000 28000 30000 32000 34000 36000 38000 39800
ROWEND.
COLUMN.
0.000 0.100 0.200 0.250 0.300 0.400 0.500 0.600 0.650 0.700 0.725 0.760 0.780 0.800 0.820 COLLINE
0.000 0.100 0.200 0.250 0.300 0.400 0.500 0.600 0.650 0.700 0.725 0.760 0.780 0.800 0.820 COLLINE
0.000 0.100 0.200 0.250 0.300 0.400 0.500 0.600 0.650 0.700 0.725 0.760 0.780 0.800 0.820 COLLINE
0.000 0.100 0.200 0.250 0.300 0.400 0.500 0.600 0.650 0.700 0.725 0.760 0.780 0.800 0.820 COLLINE
0.000 0.100 0.200 0.250 0.300 0.400 0.500 0.600 0.650 0.700 0.725 0.760 0.780 0.800 0.820 COLLINE
0.000 0.100 0.200 0.250 0.300 0.400 0.500 0.600 0.650 0.700 0.725 0.760 0.780 0.800 0.820 COLLINE
0.000 0.100 0.200 0.250 0.300 0.400 0.500 0.600 0.650 0.700 0.725 0.760 0.780 0.800 0.820 COLLINE
0.000 0.100 0.200 0.250 0.300 0.400 0.500 0.600 0.650 0.700 0.725 0.760 0.780 0.800 0.820 COLLINE
0.000 0.100 0.200 0.250 0.300 0.400 0.500 0.600 0.650 0.700 0.725 0.760 0.780 0.800 0.820 COLLINE
0.000 0.100 0.200 0.250 0.300 0.400 0.500 0.600 0.650 0.700 0.725 0.760 0.780 0.800 0.820 COLLINE
0.000 0.100 0.200 0.250 0.300 0.400 0.500 0.600 0.650 0.700 0.725 0.760 0.780 0.800 0.820 COLLINE
0.000 0.100 0.200 0.250 0.300 0.400 0.500 0.600 0.650 0.700 0.725 0.760 0.780 0.800 0.820 COLLINE
0.000 0.100 0.200 0.250 0.300 0.400 0.500 0.600 0.650 0.700 0.725 0.760 0.780 0.800 0.820 COLLINE
0.000 0.100 0.200 0.250 0.300 0.400 0.500 0.600 0.650 0.700 0.725 0.760 0.780 0.800 0.820 COLLINE
0.000 0.100 0.200 0.250 0.300 0.400 0.500 0.600 0.650 0.700 0.725 0.760 0.780 0.800 0.820 COLLINE
0.000 0.100 0.200 0.250 0.300 0.400 0.500 0.600 0.650 0.700 0.725 0.760 0.780 0.800 0.820 COLLINE
0.000 0.100 0.200 0.250 0.300 0.400 0.500 0.600 0.650 0.700 0.725 0.760 0.780 0.800 0.820 COLLINE
0.000 0.100 0.200 0.250 0.300 0.400 0.500 0.600 0.650 0.700 0.725 0.760 0.780 0.800 0.820 COLLINE
0.000 0.100 0.200 0.250 0.300 0.400 0.500 0.600 0.650 0.700 0.725 0.760 0.780 0.800 0.820 COLLINE
0.000 0.100 0.200 0.250 0.300 0.400 0.500 0.600 0.650 0.700 0.725 0.760 0.780 0.800 0.820 COLLINE
0.000 0.100 0.200 0.250 0.300 0.400 0.500 0.600 0.650 0.700 0.725 0.760 0.780 0.800 0.820 COLLINE
COLUMNEND.
GROUP.
10 20 30 40
GROUPEND.
FORMATEND.
90.030 92.593 92.568 92.626 92.416 91.329 89.414 88.798 88.593 88.420 88.037 87.511 87.215 86.922 86.633
91.717 93.182 93.361 93.520 93.131 92.389 90.874 89.566 89.271 88.997 88.687 88.264 88.027 87.795 87.565
95.161 95.911 95.691 95.651 95.515 94.596 93.294 90.222 89.848 89.494 89.252 88.923 88.742 88.564 88.390
97.484 98.126 98.030 98.048 97.228 96.137 96.157 90.714 90.302 89.922 89.719 89.433 89.272 89.116 88.965
98.346 99.206 98.730 98.566 98.463 96.957 96.769 91.056 90.656 90.287 90.075 89.789 89.632 89.469 89.309
97.250 98.126 97.465 97.208 97.024 96.434 96.523 91.327 90.938 90.579 90.357 90.058 89.893 89.733 89.576
97.209 97.943 97.380 97.172 97.003 96.409 96.572 94.054 91.760 90.968 90.752 90.461 90.301 90.146 89.995
96.657 97.289 96.861 96.720 96.608 95.997 96.172 95.984 92.476 91.279 91.069 90.786 90.631 90.480 90.333
91.586 91.684 91.977 91.939 91.948 94.146 95.748 94.664 93.090 91.517 91.312 91.037 90.886 90.739 90.596
89.012 89.109 89.396 89.694 90.038 93.854 96.515 94.962 92.655 90.365 90.138 89.830 89.660 89.494 89.333
88.993 89.095 89.386 89.683 90.026 93.895 96.912 95.957 93.128 90.315 90.086 89.775 89.592 89.414 89.239
89.387 89.489 89.793 89.928 90.111 93.441 96.161 95.348 92.808 90.286 90.121 89.904 89.786 89.673 89.560
89.688 89.791 90.095 90.071 90.092 92.953 95.405 94.725 92.453 90.200 90.096 89.964 89.894 89.830 89.770
87.581 87.682 87.984 87.875 87.811 90.322 90.476 90.506 90.365 90.256 90.181 90.088 90.042 90.000 89.964
87.839 87.941 88.244 88.124 88.051 90.463 90.565 90.686 90.543 90.431 90.357 90.265 90.219 90.178 90.141
88.007 88.109 88.414 88.285 88.202 90.524 90.578 90.754 90.638 90.528 90.454 90.363 90.318 90.277 90.241
88.193 88.297 88.604 88.492 88.427 90.777 90.818 90.940 90.800 90.692 90.603 90.469 90.399 90.332 90.271
88.283 88.388 88.699 88.604 88.554 90.937 90.967 91.034 90.872 90.742 90.626 90.476 90.397 90.312 90.228
88.243 88.355 88.687 88.616 88.589 91.002 91.025 91.044 90.858 90.707 90.566 90.380 90.280 90.184 90.093
87.818 87.933 88.272 88.209 88.196 90.637 90.696 90.742 90.564 90.420 90.294 90.129 90.042 89.958 89.879
87.467 87.583 87.929 87.877 87.873 90.338 90.429 90.500 90.331 90.192 90.080 89.934 89.857 89.784 89.715
91.467 94.060 94.041 94.103 93.897 92.803 88.083 87.669 87.385 87.131 86.794 86.332 86.073 85.808 85.545
93.179 94.661 94.847 95.013 94.625 93.889 90.541 88.364 87.957 87.581 87.330 86.990 86.801 86.616 86.435
96.664 97.423 97.207 97.172 97.040 96.126 93.931 88.970 88.450 87.958 87.788 87.561 87.438 87.319 87.204
98.343 98.999 98.975 99.036 98.295 97.281 97.310 89.482 88.925 88.396 88.262 88.086 87.992 87.902 87.816
99.102 99.973 99.581 99.458 99.391 98.040 97.936 89.880 89.381 88.887 88.747 88.564 88.466 88.372 88.282
97.973 98.857 98.308 98.105 97.959 97.451 97.607 90.199 89.733 89.296 89.154 88.964 88.861 88.763 88.670
98.840 99.583 99.023 98.818 98.644 98.026 98.168 93.684 90.558 89.779 89.616 89.398 89.270 89.146 89.026
98.290 98.930 98.506 98.369 98.263 97.651 97.806 96.611 91.278 90.177 89.985 89.729 89.588 89.451 89.311
90.488 90.588 90.886 90.823 90.806 92.458 93.826 93.313 91.895 90.498 90.278 89.982 89.819 89.660 89.506
88.062 88.160 88.453 88.658 88.908 92.027 94.527 93.851 91.574 89.311 89.069 88.740 88.559 88.381 88.206
88.206 88.305 88.598 88.848 89.145 92.436 95.115 94.571 92.078 89.597 89.335 88.980 88.783 88.589 88.400
88.456 88.555 88.849 88.993 89.182 91.924 94.231 93.835 91.783 89.732 89.519 89.233 89.075 88.921 88.772
88.629 88.728 89.023 89.068 89.159 91.390 93.353 93.094 91.429 89.785 89.632 89.411 89.290 89.173 89.061
86.425 86.528 86.834 86.822 86.848 89.477 89.655 89.777 89.808 89.874 89.754 89.598 89.516 89.428 89.342
86.676 86.780 87.088 87.054 87.067 89.653 89.812 89.947 89.960 90.006 89.907 89.781 89.716 89.655 89.599
86.839 86.943 87.253 87.195 87.183 89.724 89.892 90.040 90.035 90.064 89.984 89.886 89.836 89.791 89.750
87.110 87.216 87.529 87.461 87.439 89.910 90.021 90.137 90.125 90.145 90.070 89.977 89.931 89.889 89.851
87.279 87.386 87.703 87.626 87.596 90.004 90.047 90.143 90.136 90.149 90.077 89.990 89.947 89.908 89.873
87.347 87.456 87.777 87.693 87.656 90.007 89.989 90.041 90.045 90.076 90.009 89.927 89.887 89.850 89.819
86.906 87.017 87.346 87.264 87.229 89.608 89.620 89.678 89.623 89.596 89.531 89.452 89.414 89.379 89.349
86.537 86.651 86.987 86.906 86.875 89.280 89.320 89.386 89.283 89.207 89.145 89.070 89.033 89.001 88.973
92.692 95.167 95.138 95.194 94.979 93.854 86.411 86.100 85.946 85.805 85.485 85.046 84.801 84.559 84.320
94.395 95.805 95.982 96.137 95.730 94.962 89.800 86.710 86.481 86.284 85.995 85.594 85.369 85.148 84.931
95.732 96.519 96.533 96.614 96.585 95.791 93.178 87.238 86.940 86.673 86.415 86.065 85.860 85.659 85.461
96.510 97.175 97.479 97.706 97.322 96.631 96.642 87.737 87.367 87.027 86.811 86.521 86.360 86.203 86.042
96.630 97.477 97.512 97.604 97.723 97.089 97.290 88.207 87.763 87.347 87.188 86.978 86.863 86.753 86.647
95.214 96.070 96.086 96.167 96.212 96.166 96.579 88.600 88.086 87.601 87.495 87.358 87.287 87.219 87.156
95.121 95.948 95.958 96.036 96.099 96.123 96.602 92.145 89.026 88.239 88.093 87.901 87.798 87.699 87.603
94.917 95.756 95.748 95.817 95.897 95.960 96.469 95.231 89.840 88.786 88.603 88.360 88.226 88.097 87.972
89.131 89.232 89.529 89.425 89.365 90.998 92.379 91.853 90.531 89.231 89.027 88.737 88.576 88.419 88.266
86.381 86.480 86.776 87.013 87.297 90.420 92.968 92.459 90.119 87.790 87.580 87.296 87.140 86.978 86.819
86.502 86.602 86.898 87.105 87.358 90.817 93.706 93.183 90.622 88.071 87.855 87.565 87.405 87.249 87.097
86.567 86.667 86.964 87.066 87.214 90.276 92.950 92.511 90.331 88.166 87.961 87.685 87.532 87.384 87.240
86.569 86.669 86.967 86.972 87.023 89.717 92.161 91.833 90.007 88.199 88.003 87.740 87.596 87.455 87.319
84.269 84.369 84.663 84.625 84.632 87.288 87.640 88.071 88.169 88.281 88.113 87.888 87.765 87.647 87.532
84.525 84.625 84.921 84.896 84.915 87.527 87.796 88.147 88.259 88.403 88.277 88.111 88.023 87.939 87.859
84.689 84.795 85.094 85.080 85.111 87.684 87.876 88.153 88.271 88.424 88.351 88.257 88.200 88.148 88.099
84.724 84.831 85.147 85.132 85.164 87.732 87.936 88.206 88.329 88.486 88.404 88.301 88.249 88.201 88.151
84.678 84.786 85.106 85.080 85.102 87.697 87.920 88.184 88.312 88.473 88.382 88.268 88.208 88.154 88.103
84.551 84.661 84.985 84.950 84.962 87.552 87.826 88.089 88.221 88.386 88.288 88.163 88.097 88.036 87.979
84.071 84.183 84.514 84.483 84.500 87.140 87.465 87.735 87.734 87.764 87.671 87.553 87.491 87.434 87.381
83.667 83.782 84.121 84.094 84.116 86.801 87.170 87.448 87.338 87.259 87.171 87.059 87.001 86.948 86.898
92.010 93.050 92.990 93.032 92.811 91.581 84.730 84.668 84.659 84.682 84.395 84.004 83.786 83.569 83.353
93.330 93.847 93.841 93.910 93.400 92.546 87.814 85.164 85.108 85.084 84.812 84.441 84.234 84.031 83.831
94.270 94.559 94.391 94.378 94.167 93.274 90.892 85.575 85.490 85.421 85.162 84.810 84.614 84.422 84.233
95.135 95.322 95.342 95.424 94.969 94.075 94.106 85.970 85.824 85.702 85.490 85.204 85.046 84.892 84.742
95.735 95.924 95.836 95.866 95.847 95.026 95.114 86.357 86.119 85.912 85.790 85.616 85.521 85.429 85.341
94.748 95.081 95.072 95.141 94.943 94.627 94.931 86.673 86.350 86.057 86.006 85.947 85.920 85.886 85.858
94.425 94.818 94.885 94.993 94.896 94.744 95.136 90.523 87.412 86.699 86.608 86.492 86.433 86.377 86.326
93.934 94.382 94.521 94.664 94.552 94.629 95.102 93.833 88.353 87.249 87.121 86.953 86.863 86.778 86.696
88.045 88.143 88.435 88.321 88.251 89.597 90.863 90.663 89.179 87.713 87.550 87.334 87.216 87.102 86.992
84.667 84.762 85.048 85.259 85.516 88.742 91.518 91.221 88.611 85.983 85.847 85.668 85.572 85.480 85.392
84.790 84.886 85.172 85.357 85.588 89.137 92.237 91.880 89.085 86.292 86.155 85.973 85.874 85.780 85.690
84.809 84.910 85.210 85.287 85.400 88.596 91.499 91.221 88.739 86.264 86.169 86.044 85.970 85.901 85.835
84.768 84.869 85.169 85.139 85.154 88.041 90.761 90.555 88.365 86.185 86.118 86.035 85.994 85.958 85.918
82.428 82.528 82.824 82.747 82.715 85.409 85.835 86.312 86.262 86.243 86.184 86.113 86.079 86.049 86.024
82.700 82.801 83.099 83.039 83.024 85.687 86.066 86.496 86.440 86.416 86.348 86.265 86.224 86.187 86.154
82.886 82.987 83.289 83.244 83.244 85.880 86.201 86.605 86.545 86.516 86.440 86.346 86.298 86.254 86.215
82.881 82.983 83.288 83.270 83.298 85.971 86.292 86.655 86.595 86.549 86.463 86.354 86.298 86.246 86.198
82.801 82.905 83.214 83.221 83.274 85.981 86.305 86.631 86.549 86.498 86.417 86.296 86.232 86.172 86.117
82.624 82.735 83.062 83.097 83.175 85.912 86.241 86.534 86.432 86.361 86.272 86.159 86.101 86.035 85.973
82.127 82.240 82.574 82.606 82.679 85.438 85.810 86.136 86.041 85.975 85.880 85.759 85.695 85.626 85.558
81.709 81.825 82.166 82.195 82.265 85.045 85.456 85.812 85.723 85.663 85.564 85.436 85.368 85.295 85.223

//IDLE N1
[003]
FORMAT.
ROW.
0 2000 4000 6000 8000 10000 12000 14000 16000 18000 20000 22000 24000 26000 28000 30000 32000 34000 36000 38000 39800
ROWEND.
COLUMN.
0.000 0.100 0.200 0.250 0.300 0.400 0.500 0.600 0.650 0.700 0.725 0.760 0.780 0.800 0.820 COLLINE
0.000 0.100 0.200 0.250 0.300 0.400 0.500 0.600 0.650 0.700 0.725 0.760 0.780 0.800 0.820 COLLINE
0.000 0.100 0.200 0.250 0.300 0.400 0.500 0.600 0.650 0.700 0.725 0.760 0.780 0.800 0.820 COLLINE
0.000 0.100 0.200 0.250 0.300 0.400 0.500 0.600 0.650 0.700 0.725 0.760 0.780 0.800 0.820 COLLINE
0.000 0.100 0.200 0.250 0.300 0.400 0.500 0.600 0.650 0.700 0.725 0.760 0.780 0.800 0.820 COLLINE
0.000 0.100 0.200 0.250 0.300 0.400 0.500 0.600 0.650 0.700 0.725 0.760 0.780 0.800 0.820 COLLINE
0.000 0.100 0.200 0.250 0.300 0.400 0.500 0.600 0.650 0.700 0.725 0.760 0.780 0.800 0.820 COLLINE
0.000 0.100 0.200 0.250 0.300 0.400 0.500 0.600 0.650 0.700 0.725 0.760 0.780 0.800 0.820 COLLINE
0.000 0.100 0.200 0.250 0.300 0.400 0.500 0.600 0.650 0.700 0.725 0.760 0.780 0.800 0.820 COLLINE
0.000 0.100 0.200 0.250 0.300 0.400 0.500 0.600 0.650 0.700 0.725 0.760 0.780 0.800 0.820 COLLINE
0.000 0.100 0.200 0.250 0.300 0.400 0.500 0.600 0.650 0.700 0.725 0.760 0.780 0.800 0.820 COLLINE
0.000 0.100 0.200 0.250 0.300 0.400 0.500 0.600 0.650 0.700 0.725 0.760 0.780 0.800 0.820 COLLINE
0.000 0.100 0.200 0.250 0.300 0.400 0.500 0.600 0.650 0.700 0.725 0.760 0.780 0.800 0.820 COLLINE
0.000 0.100 0.200 0.250 0.300 0.400 0.500 0.600 0.650 0.700 0.725 0.760 0.780 0.800 0.820 COLLINE
0.000 0.100 0.200 0.250 0.300 0.400 0.500 0.600 0.650 0.700 0.725 0.760 0.780 0.800 0.820 COLLINE
0.000 0.100 0.200 0.250 0.300 0.400 0.500 0.600 0.650 0.700 0.725 0.760 0.780 0.800 0.820 COLLINE
0.000 0.100 0.200 0.250 0.300 0.400 0.500 0.600 0.650 0.700 0.725 0.760 0.780 0.800 0.820 COLLINE
0.000 0.100 0.200 0.250 0.300 0.400 0.500 0.600 0.650 0.700 0.725 0.760 0.780 0.800 0.820 COLLINE
0.000 0.100 0.200 0.250 0.300 0.400 0.500 0.600 0.650 0.700 0.725 0.760 0.780 0.800 0.820 COLLINE
0.000 0.100 0.200 0.250 0.300 0.400 0.500 0.600 0.650 0.700 0.725 0.760 0.780 0.800 0.820 COLLINE
0.000 0.100 0.200 0.250 0.300 0.400 0.500 0.600 0.650 0.700 0.725 0.760 0.780 0.800 0.820 COLLINE
COLUMNEND.
GROUP.
10 20 30 40
GROUPEND.
FORMATEND.
18.454 18.464 19.172 20.350 21.901 24.986 28.823 33.409 35.908 37.386 38.010 38.855 39.304 39.798 40.262
18.986 18.995 19.703 20.800 22.286 25.304 29.046 33.207 35.945 37.393 38.006 38.834 39.275 39.759 40.213
19.568 19.577 20.277 21.295 22.711 25.658 29.301 33.097 36.001 37.419 38.019 38.830 39.262 39.736 40.179
20.210 20.217 20.875 21.839 23.180 26.051 29.591 35.945 36.079 37.465 38.051 38.845 39.267 39.729 40.162
20.925 20.927 21.530 22.436 23.697 27.090 33.329 38.174 38.649 39.693 40.470 41.514 42.080 42.666 43.228
21.708 21.705 22.248 23.092 24.268 30.737 35.936 39.691 41.082 42.109 42.836 43.820 44.362 44.888 45.390
22.566 22.558 23.037 23.814 24.898 34.095 38.329 41.531 43.313 44.322 45.002 45.929 46.447 46.918 47.364
23.507 23.493 23.903 24.609 25.594 37.181 40.772 43.860 45.351 46.342 46.978 47.852 48.348 48.767 49.162
24.540 24.520 24.855 25.483 26.364 37.790 41.329 44.232 45.639 46.620 47.240 48.095 48.583 48.987 49.366
25.677 25.648 25.903 26.447 27.211 36.192 39.743 42.864 44.370 45.347 45.978 46.845 47.336 47.756 48.151
26.924 26.890 27.057 27.511 28.152 34.699 38.393 41.577 43.173 44.146 44.787 45.664 46.158 46.592 47.002
28.291 28.255 28.327 28.685 29.232 33.303 37.261 40.366 42.044 43.013 43.662 44.548 45.044 45.491 45.914
29.665 29.620 29.668 29.982 30.463 32.263 34.457 36.931 38.257 39.238 39.659 40.232 40.539 40.856 41.150
31.184 31.130 31.151 31.417 31.827 33.389 35.370 37.652 38.742 39.659 40.055 40.594 40.883 41.177 41.449
32.865 32.800 32.793 33.006 33.338 34.642 36.392 38.392 39.298 40.147 40.515 41.017 41.286 41.556 41.804
34.730 34.652 34.614 34.769 35.016 36.038 37.498 39.114 39.934 40.709 41.047 41.508 41.757 41.999 42.222
36.637 36.575 36.539 36.629 36.774 37.420 38.522 39.934 40.660 41.354 41.660 42.077 42.303 42.516 42.711
38.339 38.260 38.166 38.195 38.291 38.769 39.674 40.864 41.488 42.094 42.364 42.734 42.934 43.116 43.280
40.242 40.140 39.985 39.946 39.989 40.283 40.973 41.919 42.431 42.940 43.171 43.489 43.662 43.808 43.940
42.706 42.584 42.354 42.242 42.226 42.320 42.779 43.465 43.859 44.267 44.457 44.720 44.865 44.974 45.070
45.057 44.936 44.683 44.521 44.446 44.344 44.576 45.006 45.283 45.591 45.741 45.951 46.068 46.141 46.202
18.761 18.771 19.491 20.688 22.265 25.402 29.302 33.923 36.505 38.008 38.642 39.501 39.957 40.460 40.932
19.306 19.315 20.036 21.151 22.661 25.730 29.536 33.729 36.550 38.024 38.646 39.489 39.937 40.429 40.891
19.902 19.911 20.624 21.659 23.099 26.096 29.801 33.662 36.616 38.058 38.668 39.494 39.933 40.414 40.865
20.560 20.567 21.236 22.217 23.581 26.503 30.101 36.537 36.704 38.114 38.710 39.518 39.947 40.417 40.857
21.292 21.295 21.908 22.830 24.113 27.503 33.868 38.815 39.283 40.346 41.137 42.201 42.777 43.374 43.947
22.094 22.092 22.644 23.503 24.700 31.229 36.535 40.372 41.774 42.820 43.561 44.564 45.116 45.652 46.165
22.973 22.965 23.453 24.244 25.348 34.660 38.984 42.242 44.062 45.089 45.782 46.727 47.255 47.735 48.191
23.937 23.924 24.341 25.059 26.063 37.815 41.475 44.629 46.151 47.161 47.809 48.700 49.206 49.634 50.036
24.996 24.976 25.317 25.957 26.854 38.449 42.056 45.023 46.459 47.459 48.092 48.964 49.461 49.872 50.259
26.161 26.132 26.392 26.947 27.725 36.842 40.461 43.648 45.186 46.182 46.825 47.709 48.210 48.638 49.041
27.440 27.405 27.576 28.038 28.691 35.337 39.108 42.353 43.982 44.975 45.628 46.523 47.026 47.468 47.887
28.841 28.804 28.878 29.243 29.801 33.925 37.967 41.132 42.845 43.833 44.495 45.399 45.905 46.361 46.793
30.251 30.206 30.255 30.574 31.065 32.900 35.138 37.661 39.013 40.013 40.443 41.027 41.340 41.663 41.963
31.810 31.755 31.777 32.048 32.466 34.059 36.080 38.408 39.519 40.455 40.859 41.409 41.703 42.003 42.281
33.535 33.469 33.462 33.680 34.018 35.349 37.134 39.175 40.099 40.966 41.342 41.853 42.128 42.403 42.657
35.450 35.370 35.331 35.490 35.742 36.785 38.276 39.925 40.762 41.553 41.898 42.369 42.622 42.870 43.098
37.409 37.346 37.309 37.401 37.549 38.209 39.334 40.775 41.517 42.226 42.538 42.964 43.194 43.412 43.611
39.161 39.080 38.984 39.013 39.112 39.600 40.525 41.740 42.377 42.996 43.272 43.650 43.854 44.040 44.208
41.119 41.015 40.856 40.817 40.861 41.161 41.866 42.833 43.356 43.877 44.112 44.437 44.614 44.764 44.898
43.638 43.513 43.278 43.164 43.147 43.244 43.713 44.414 44.816 45.233 45.427 45.696 45.844 45.955 46.053
46.040 45.916 45.659 45.493 45.416 45.312 45.549 45.988 46.271 46.586 46.740 46.954 47.073 47.148 47.210
19.063 19.073 19.804 21.021 22.623 25.811 29.774 34.427 37.093 38.619 39.264 40.137 40.600 41.112 41.590
19.621 19.630 20.362 21.496 23.031 26.150 30.017 34.239 37.146 38.644 39.277 40.132 40.588 41.088 41.557
20.231 20.240 20.964 22.017 23.480 26.527 30.293 34.218 37.221 38.687 39.307 40.146 40.592 41.082 41.540
20.904 20.911 21.592 22.589 23.976 26.946 30.605 37.116 37.318 38.752 39.358 40.179 40.616 41.094 41.541
21.653 21.656 22.279 23.217 24.522 27.900 34.390 39.441 39.900 40.981 41.786 42.869 43.455 44.064 44.648
22.474 22.472 23.034 23.907 25.125 31.700 37.114 41.035 42.446 43.510 44.265 45.287 45.849 46.396 46.918
23.374 23.366 23.861 24.667 25.790 35.207 39.620 42.933 44.791 45.836 46.542 47.505 48.043 48.533 48.997
24.360 24.346 24.771 25.502 26.524 38.429 42.155 45.377 46.932 47.960 48.621 49.528 50.043 50.480 50.890
25.444 25.424 25.771 26.423 27.335 39.089 42.764 45.794 47.261 48.279 48.924 49.812 50.319 50.739 51.133
26.637 26.608 26.872 27.437 28.229 37.471 41.157 44.411 45.980 46.995 47.651 48.552 49.062 49.498 49.910
27.946 27.911 28.084 28.555 29.220 35.951 39.802 43.106 44.769 45.780 46.446 47.358 47.872 48.323 48.750
29.381 29.344 29.419 29.790 30.359 34.528 38.654 41.877 43.625 44.632 45.307 46.229 46.745 47.209 47.650
30.826 30.780 30.830 31.155 31.656 33.526 35.805 38.377 39.754 40.773 41.212 41.807 42.126 42.455 42.760
32.424 32.367 32.390 32.666 33.092 34.716 36.776 39.149 40.282 41.236 41.648 42.208 42.508 42.814 43.097
34.192 34.125 34.117 34.340 34.685 36.041 37.862 39.943 40.885 41.769 42.152 42.674 42.954 43.234 43.493
36.156 36.074 36.034 36.197 36.453 37.517 39.038 40.720 41.573 42.380 42.732 43.212 43.471 43.723 43.955
38.165 38.101 38.064 38.157 38.308 38.982 40.129 41.600 42.357 43.080 43.398 43.833 44.068 44.290 44.494
39.966 39.883 39.785 39.815 39.916 40.414 41.358 42.598 43.248 43.880 44.161 44.547 44.756 44.945 45.117
41.978 41.872 41.710 41.670 41.715 42.021 42.741 43.728 44.262 44.793 45.034 45.366 45.546 45.699 45.836
44.551 44.423 44.183 44.067 44.049 44.148 44.627 45.342 45.753 46.179 46.377 46.651 46.802 46.916 47.016
47.003 46.876 46.613 46.444 46.366 46.259 46.502 46.950 47.239 47.561 47.717 47.936 48.058 48.134 48.197
19.360 19.370 20.113 21.349 22.976 26.213 30.238 34.839 37.671 39.222 39.877 40.762 41.234 41.753 42.239
19.931 19.940 20.684 21.835 23.395 26.563 30.491 34.654 37.733 39.254 39.897 40.766 41.229 41.737 42.214
20.554 20.564 21.300 22.369 23.856 26.951 30.778 34.765 37.816 39.306 39.936 40.788 41.241 41.739 42.204
21.243 21.250 21.941 22.954 24.364 27.383 31.101 37.609 37.923 39.379 39.996 40.830 41.274 41.759 42.214
22.009 22.011 22.645 23.598 24.925 28.138 34.792 39.985 40.400 41.499 42.320 43.424 44.021 44.643 45.241
22.848 22.845 23.416 24.305 25.543 32.024 37.581 41.623 43.008 44.092 44.864 45.907 46.480 47.040 47.574
23.767 23.759 24.263 25.082 26.224 35.615 40.151 43.513 45.420 46.486 47.207 48.190 48.738 49.239 49.715
24.776 24.762 25.194 25.938 26.976 38.921 42.718 46.030 47.627 48.675 49.349 50.275 50.801 51.247 51.667
25.884 25.864 26.217 26.880 27.808 39.621 43.367 46.480 47.986 49.023 49.682 50.588 51.105 51.534 51.938
27.104 27.075 27.344 27.918 28.724 38.004 41.760 45.098 46.706 47.740 48.410 49.329 49.849 50.295 50.716
28.443 28.407 28.584 29.063 29.740 36.489 40.434 43.796 45.498 46.528 47.208 48.138 48.661 49.123 49.558
29.912 29.873 29.950 30.328 30.907 35.064 39.287 42.566 44.354 45.381 46.069 47.009 47.535 48.010 48.460
31.391 31.343 31.394 31.726 32.235 34.140 36.461 39.079 40.482 41.520 41.966 42.572 42.897 43.232 43.543
33.026 32.969 32.992 33.273 33.707 35.361 37.459 39.876 41.030 42.002 42.422 42.992 43.298 43.609 43.897
34.837 34.769 34.761 34.987 35.339 36.721 38.576 40.696 41.656 42.556 42.947 43.478 43.764 44.049 44.313
36.848 36.765 36.724 36.890 37.151 38.235 39.785 41.499 42.369 43.191 43.550 44.040 44.303 44.560 44.797
38.907 38.842 38.804 38.899 39.053 39.740 40.909 42.409 43.180 43.917 44.242 44.685 44.925 45.151 45.358
40.755 40.670 40.571 40.601 40.704 41.212 42.174 43.439 44.102 44.746 45.033 45.426 45.639 45.832 46.007
42.820 42.712 42.547 42.506 42.551 42.864 43.598 44.605 45.149 45.692 45.937 46.275 46.460 46.616 46.755
45.445 45.314 45.070 44.951 44.934 45.034 45.523 46.252 46.671 47.106 47.307 47.588 47.742 47.858 47.960
47.946 47.817 47.549 47.376 47.296 47.188 47.435 47.892 48.187 48.515 48.675 48.898 49.022 49.100 49.164

//FF TOGA
[004]
FORMAT.
ROW.
0 2000 4000 6000 8000 10000 12000 14000 16000 18000 20000 22000 24000 26000 28000 30000 32000 34000 36000 38000 39800
ROWEND.
COLUMN.
0.000 0.100 0.200 0.250 0.300 0.400 0.500 0.600 0.650 0.700 0.725 0.760 0.780 0.800 0.820 COLLINE
0.000 0.100 0.200 0.250 0.300 0.400 0.500 0.600 0.650 0.700 0.725 0.760 0.780 0.800 0.820 COLLINE
0.000 0.100 0.200 0.250 0.300 0.400 0.500 0.600 0.650 0.700 0.725 0.760 0.780 0.800 0.820 COLLINE
0.000 0.100 0.200 0.250 0.300 0.400 0.500 0.600 0.650 0.700 0.725 0.760 0.780 0.800 0.820 COLLINE
0.000 0.100 0.200 0.250 0.300 0.400 0.500 0.600 0.650 0.700 0.725 0.760 0.780 0.800 0.820 COLLINE
0.000 0.100 0.200 0.250 0.300 0.400 0.500 0.600 0.650 0.700 0.725 0.760 0.780 0.800 0.820 COLLINE
0.000 0.100 0.200 0.250 0.300 0.400 0.500 0.600 0.650 0.700 0.725 0.760 0.780 0.800 0.820 COLLINE
0.000 0.100 0.200 0.250 0.300 0.400 0.500 0.600 0.650 0.700 0.725 0.760 0.780 0.800 0.820 COLLINE
0.000 0.100 0.200 0.250 0.300 0.400 0.500 0.600 0.650 0.700 0.725 0.760 0.780 0.800 0.820 COLLINE
0.000 0.100 0.200 0.250 0.300 0.400 0.500 0.600 0.650 0.700 0.725 0.760 0.780 0.800 0.820 COLLINE
0.000 0.100 0.200 0.250 0.300 0.400 0.500 0.600 0.650 0.700 0.725 0.760 0.780 0.800 0.820 COLLINE
0.000 0.100 0.200 0.250 0.300 0.400 0.500 0.600 0.650 0.700 0.725 0.760 0.780 0.800 0.820 COLLINE
0.000 0.100 0.200 0.250 0.300 0.400 0.500 0.600 0.650 0.700 0.725 0.760 0.780 0.800 0.820 COLLINE
0.000 0.100 0.200 0.250 0.300 0.400 0.500 0.600 0.650 0.700 0.725 0.760 0.780 0.800 0.820 COLLINE
0.000 0.100 0.200 0.250 0.300 0.400 0.500 0.600 0.650 0.700 0.725 0.760 0.780 0.800 0.820 COLLINE
0.000 0.100 0.200 0.250 0.300 0.400 0.500 0.600 0.650 0.700 0.725 0.760 0.780 0.800 0.820 COLLINE
0.000 0.100 0.200 0.250 0.300 0.400 0.500 0.600 0.650 0.700 0.725 0.760 0.780 0.800 0.820 COLLINE
0.000 0.100 0.200 0.250 0.300 0.400 0.500 0.600 0.650 0.700 0.725 0.760 0.780 0.800 0.820 COLLINE
0.000 0.100 0.200 0.250 0.300 0.400 0.500 0.600 0.650 0.700 0.725 0.760 0.780 0.800 0.820 COLLINE
0.000 0.100 0.200 0.250 0.300 0.400 0.500 0.600 0.650 0.700 0.725 0.760 0.780 0.800 0.820 COLLINE
0.000 0.100 0.200 0.250 0.300 0.400 0.500 0.600 0.650 0.700 0.725 0.760 0.780 0.800 0.820 COLLINE
COLUMNEND.
GROUP.
10 20 30 40
GROUPEND.
FORMATEND.
5394 5588 5610 5514 5450 5209 4518 4334 4077 3977 3957 3942 3964 3886 3860
5288 5304 5396 5385 5312 5061 4596 4312 4111 4026 3986 3963 3977 3953 3949
4967 4998 5098 5123 5125 4911 4616 4310 4122 4072 4060 4041 4029 4004 3985
4655 4688 4789 4821 4834 4697 4639 4228 4126 4063 4037 4030 4034 4025 4023
4361 4347 4459 4499 4501 4426 4443 4092 4038 4009 3979 3945 3943 3934 3940
4043 4022 4130 4167 4167 4135 4196 3941 3899 3913 3904 3879 3867 3845 3844
3794 3774 3873 3912 3893 3887 3979 3957 3760 3764 3767 3774 3769 3755 3746
3552 3539 3633 3673 3649 3636 3757 3907 3613 3605 3606 3619 3631 3635 3636
3142 3178 3263 3260 3271 3334 3407 3464 3442 3443 3445 3451 3466 3474 3487
2890 2923 3002 2994 2998 3034 3065 3103 3099 3115 3127 3148 3170 3184 3205
2712 2742 2815 2812 2815 2829 2856 2888 2885 2910 2927 2954 2972 2989 3013
2400 2429 2499 2500 2510 2554 2600 2639 2635 2655 2674 2703 2724 2743 2768
2126 2152 2214 2222 2238 2300 2361 2409 2403 2418 2438 2468 2490 2508 2534
1795 1816 1866 1871 1882 2086 2163 2234 2230 2255 2270 2295 2312 2324 2342
1645 1664 1710 1713 1723 1904 1992 2101 2098 2127 2144 2165 2174 2179 2187
1503 1520 1563 1565 1574 1734 1828 1964 1966 1994 2005 2021 2033 2033 2035
1387 1404 1443 1452 1466 1609 1690 1799 1835 1891 1908 1935 1953 1968 1987
1274 1289 1325 1339 1357 1491 1555 1643 1693 1770 1797 1837 1860 1881 1905
1162 1176 1210 1226 1246 1380 1432 1496 1556 1643 1673 1719 1748 1774 1805
1046 1059 1090 1105 1123 1240 1285 1348 1401 1477 1504 1546 1573 1598 1626
0951 0963 0992 1005 1023 1127 1171 1227 1275 1344 1370 1409 1433 1455 1480
5122 5227 5263 5224 5174 4968 4104 3933 3732 3627 3617 3662 3723 3680 3694
5015 4994 5071 5062 5025 4808 4275 3936 3723 3683 3683 3697 3733 3676 3670
4887 4789 4883 4907 4860 4659 4364 3908 3768 3726 3700 3711 3734 3717 3722
4626 4557 4658 4695 4654 4486 4401 3830 3704 3710 3701 3687 3679 3659 3674
4286 4252 4357 4398 4372 4264 4266 3697 3583 3581 3588 3598 3605 3600 3601
3986 3947 4039 4074 4079 4024 4063 3546 3471 3461 3459 3486 3504 3511 3525
3741 3703 3770 3792 3800 3764 3824 3619 3379 3362 3347 3348 3357 3363 3377
3526 3471 3519 3531 3533 3517 3593 3677 3253 3249 3236 3217 3216 3213 3217
2925 2959 3040 3028 3027 3067 3108 3142 3105 3112 3107 3090 3082 3065 3063
2683 2714 2789 2774 2769 2779 2784 2825 2819 2851 2859 2862 2866 2863 2864
2523 2553 2625 2612 2608 2605 2602 2628 2628 2667 2677 2690 2695 2694 2697
2213 2238 2300 2297 2303 2332 2351 2386 2390 2426 2437 2448 2454 2455 2459
1951 1971 2021 2026 2038 2087 2121 2163 2167 2202 2214 2225 2231 2233 2238
1623 1633 1667 1664 1666 1884 1936 2003 2001 2030 2043 2063 2072 2076 2083
1485 1494 1526 1519 1517 1714 1785 1887 1878 1897 1911 1935 1951 1962 1974
1355 1363 1393 1383 1378 1555 1639 1768 1756 1766 1780 1805 1821 1835 1852
1293 1304 1336 1333 1332 1480 1538 1622 1643 1682 1699 1724 1741 1756 1776
1216 1230 1263 1262 1266 1394 1431 1482 1523 1586 1609 1639 1659 1675 1695
1141 1154 1188 1187 1192 1302 1324 1349 1402 1477 1501 1538 1562 1583 1607
1017 1029 1058 1058 1063 1167 1187 1209 1256 1325 1346 1379 1399 1416 1436
0919 0929 0955 0956 0960 1057 1076 1095 1139 1201 1221 1248 1265 1280 1298
4653 4654 4667 4645 4579 4391 3727 3573 3428 3418 3444 3503 3547 3529 3538
4498 4458 4506 4509 4452 4263 3827 3581 3458 3427 3424 3468 3530 3492 3510
4343 4277 4353 4387 4330 4145 3892 3577 3447 3443 3451 3477 3518 3470 3472
4144 4064 4151 4194 4155 4007 3958 3517 3395 3372 3386 3416 3449 3435 3446
3896 3816 3897 3929 3912 3827 3847 3371 3281 3281 3278 3287 3315 3320 3338
3714 3614 3672 3692 3692 3647 3694 3214 3151 3178 3184 3193 3200 3197 3213
3562 3427 3430 3423 3423 3412 3483 3287 3004 3028 3041 3059 3071 3074 3082
3363 3253 3211 3182 3183 3193 3278 3321 2873 2871 2889 2915 2931 2939 2952
2702 2723 2784 2771 2766 2795 2805 2818 2744 2723 2732 2764 2784 2795 2812
2472 2491 2547 2535 2530 2541 2546 2577 2542 2553 2552 2567 2582 2588 2598
2327 2347 2404 2392 2383 2375 2363 2392 2375 2392 2388 2395 2409 2417 2430
2037 2051 2095 2091 2093 2119 2133 2163 2143 2160 2162 2174 2189 2198 2211
1778 1787 1821 1827 1841 1893 1920 1953 1932 1950 1955 1971 1987 1996 2010
1443 1451 1478 1485 1497 1701 1744 1798 1786 1801 1805 1818 1833 1842 1855
1313 1320 1345 1347 1354 1538 1596 1684 1682 1700 1701 1708 1718 1723 1736
1192 1199 1221 1220 1223 1387 1457 1570 1575 1593 1597 1601 1606 1611 1620
1137 1142 1164 1162 1164 1310 1356 1434 1457 1501 1513 1532 1544 1553 1565
1073 1079 1100 1097 1099 1230 1256 1305 1342 1399 1419 1450 1469 1485 1504
1005 1011 1032 1029 1030 1148 1157 1184 1230 1296 1320 1356 1379 1400 1424
0898 0903 0922 0919 0920 1024 1032 1056 1100 1162 1183 1215 1236 1255 1277
0811 0816 0833 0831 0831 0924 0932 0953 0995 1053 1072 1102 1121 1138 1157
4123 4070 4100 4106 4042 3859 3448 3291 3236 3247 3284 3346 3365 3346 3335
4036 3951 3975 3982 3905 3728 3466 3297 3198 3213 3245 3313 3363 3350 3366
3901 3819 3851 3866 3808 3625 3461 3295 3190 3167 3181 3251 3320 3293 3321
3732 3664 3694 3710 3662 3509 3463 3214 3126 3124 3143 3186 3240 3201 3214
3547 3479 3520 3545 3508 3412 3377 3094 3010 3037 3053 3088 3128 3104 3116
3398 3339 3378 3396 3366 3294 3297 2977 2912 2931 2945 2972 3001 2990 3001
3209 3134 3146 3148 3142 3115 3142 2972 2775 2791 2789 2813 2839 2841 2858
3044 2940 2931 2921 2924 2931 2980 3020 2631 2649 2653 2660 2675 2688 2707
2490 2502 2546 2536 2534 2550 2532 2538 2485 2502 2512 2526 2536 2538 2554
2274 2285 2326 2320 2323 2341 2327 2338 2301 2328 2333 2340 2344 2342 2348
2131 2142 2181 2173 2172 2175 2155 2166 2133 2166 2173 2182 2188 2188 2191
1860 1868 1902 1902 1907 1934 1933 1950 1925 1955 1963 1975 1982 1983 1987
1618 1627 1657 1663 1674 1718 1732 1758 1735 1762 1771 1783 1791 1794 1802
1310 1316 1339 1345 1355 1538 1570 1612 1592 1619 1628 1641 1650 1654 1661
1186 1192 1213 1216 1223 1388 1436 1506 1485 1511 1521 1536 1545 1550 1558
1072 1077 1096 1097 1103 1251 1310 1406 1379 1404 1415 1430 1440 1446 1454
1006 1011 1029 1031 1036 1173 1211 1279 1277 1312 1327 1351 1366 1377 1391
0938 0943 0962 0963 0968 1092 1114 1159 1175 1229 1245 1269 1286 1301 1318
0875 0880 0898 0899 0902 1011 1021 1047 1077 1145 1162 1190 1210 1226 1245
0779 0784 0800 0801 0803 0902 0909 0931 0958 1018 1035 1062 1080 1094 1111
0703 0708 0722 0723 0727 0814 0820 0840 0863 0918 0934 0959 0975 0989 1006

//FF IDLE
[005]
FORMAT.
ROW.
0 2000 4000 6000 8000 10000 12000 14000 16000 18000 20000 22000 24000 26000 28000 30000 32000 34000 36000 38000 39800
ROWEND.
COLUMN.
0.000 0.100 0.200 0.250 0.300 0.400 0.500 0.600 0.650 0.700 0.725 0.760 0.780 0.800 0.820 COLLINE
0.000 0.100 0.200 0.250 0.300 0.400 0.500 0.600 0.650 0.700 0.725 0.760 0.780 0.800 0.820 COLLINE
0.000 0.100 0.200 0.250 0.300 0.400 0.500 0.600 0.650 0.700 0.725 0.760 0.780 0.800 0.820 COLLINE
0.000 0.100 0.200 0.250 0.300 0.400 0.500 0.600 0.650 0.700 0.725 0.760 0.780 0.800 0.820 COLLINE
0.000 0.100 0.200 0.250 0.300 0.400 0.500 0.600 0.650 0.700 0.725 0.760 0.780 0.800 0.820 COLLINE
0.000 0.100 0.200 0.250 0.300 0.400 0.500 0.600 0.650 0.700 0.725 0.760 0.780 0.800 0.820 COLLINE
0.000 0.100 0.200 0.250 0.300 0.400 0.500 0.600 0.650 0.700 0.725 0.760 0.780 0.800 0.820 COLLINE
0.000 0.100 0.200 0.250 0.300 0.400 0.500 0.600 0.650 0.700 0.725 0.760 0.780 0.800 0.820 COLLINE
0.000 0.100 0.200 0.250 0.300 0.400 0.500 0.600 0.650 0.700 0.725 0.760 0.780 0.800 0.820 COLLINE
0.000 0.100 0.200 0.250 0.300 0.400 0.500 0.600 0.650 0.700 0.725 0.760 0.780 0.800 0.820 COLLINE
0.000 0.100 0.200 0.250 0.300 0.400 0.500 0.600 0.650 0.700 0.725 0.760 0.780 0.800 0.820 COLLINE
0.000 0.100 0.200 0.250 0.300 0.400 0.500 0.600 0.650 0.700 0.725 0.760 0.780 0.800 0.820 COLLINE
0.000 0.100 0.200 0.250 0.300 0.400 0.500 0.600 0.650 0.700 0.725 0.760 0.780 0.800 0.820 COLLINE
0.000 0.100 0.200 0.250 0.300 0.400 0.500 0.600 0.650 0.700 0.725 0.760 0.780 0.800 0.820 COLLINE
0.000 0.100 0.200 0.250 0.300 0.400 0.500 0.600 0.650 0.700 0.725 0.760 0.780 0.800 0.820 COLLINE
0.000 0.100 0.200 0.250 0.300 0.400 0.500 0.600 0.650 0.700 0.725 0.760 0.780 0.800 0.820 COLLINE
0.000 0.100 0.200 0.250 0.300 0.400 0.500 0.600 0.650 0.700 0.725 0.760 0.780 0.800 0.820 COLLINE
0.000 0.100 0.200 0.250 0.300 0.400 0.500 0.600 0.650 0.700 0.725 0.760 0.780 0.800 0.820 COLLINE
0.000 0.100 0.200 0.250 0.300 0.400 0.500 0.600 0.650 0.700 0.725 0.760 0.780 0.800 0.820 COLLINE
0.000 0.100 0.200 0.250 0.300 0.400 0.500 0.600 0.650 0.700 0.725 0.760 0.780 0.800 0.820 COLLINE
0.000 0.100 0.200 0.250 0.300 0.400 0.500 0.600 0.650 0.700 0.725 0.760 0.780 0.800 0.820 COLLINE
COLUMNEND.
GROUP.
10 20 30 40
GROUPEND.
FORMATEND.
338 337 332 341 341 286 299 324 302 302 292 275 263 260 263
318 317 315 324 323 277 288 301 291 291 282 267 256 254 256
299 298 299 307 307 268 278 282 281 281 272 259 250 247 249
282 282 284 291 292 259 269 345 271 271 264 252 244 241 242
269 268 270 277 277 263 335 382 344 340 345 354 360 366 376
256 256 257 263 264 313 367 395 401 403 412 426 437 442 450
245 245 245 250 251 348 388 416 442 449 460 478 493 498 504
234 234 234 238 239 372 410 448 468 480 492 513 531 535 540
224 223 223 226 228 354 395 427 445 457 469 489 506 510 515
214 214 213 216 217 307 336 369 387 396 406 423 438 441 446
205 205 204 206 207 266 291 319 336 343 351 366 378 381 386
197 197 195 198 201 230 255 275 292 297 304 316 326 329 333
194 194 193 194 196 202 203 204 205 205 203 201 201 199 198
192 191 190 191 192 197 198 199 199 200 198 197 197 195 194
189 189 188 187 188 192 193 194 194 195 194 193 194 192 190
187 187 185 184 184 188 188 189 189 190 189 189 190 188 187
185 185 183 182 181 185 185 185 185 185 185 186 187 185 184
183 183 182 181 181 183 182 181 181 181 181 182 184 182 181
182 182 180 180 181 181 179 177 176 177 177 179 181 179 178
182 182 181 180 183 181 178 175 174 175 176 178 180 178 177
183 183 182 181 184 182 177 174 173 173 174 177 179 178 176
344 343 339 348 348 292 305 330 308 308 298 281 268 266 268
324 323 321 330 330 282 294 306 297 297 288 273 261 259 261
305 304 305 313 313 273 284 288 287 287 278 265 255 252 254
288 287 290 297 298 265 274 352 277 277 269 257 249 246 247
275 274 276 283 283 268 341 390 350 345 351 360 366 372 382
262 262 263 269 269 318 374 403 409 411 419 434 445 450 458
250 250 251 255 256 355 396 424 450 458 469 487 502 507 514
239 239 239 243 244 380 418 457 478 490 502 524 541 546 551
229 228 228 232 233 362 403 436 454 466 478 499 517 521 525
219 219 218 221 222 314 343 377 395 404 415 432 447 451 455
210 210 209 211 212 272 297 326 343 350 359 374 386 390 394
202 201 200 202 205 235 261 281 298 303 311 323 333 337 341
199 199 197 199 201 207 208 209 210 210 208 206 206 203 203
196 196 195 195 196 202 202 203 204 204 203 202 202 200 199
194 194 192 192 192 197 197 198 199 199 198 198 198 196 195
192 191 190 189 188 193 193 194 194 194 194 194 195 193 192
189 189 188 186 186 190 190 190 189 190 190 190 192 190 188
188 188 186 185 186 188 187 185 185 186 186 187 189 187 185
187 186 185 184 186 186 184 182 181 182 182 184 186 184 182
187 187 186 185 188 186 183 180 179 179 180 182 185 183 181
188 188 186 186 189 186 182 178 177 178 179 181 184 182 180
351 350 345 355 354 298 311 334 314 314 303 286 273 271 273
330 329 327 337 336 288 300 311 303 303 293 278 267 264 266
311 310 311 320 320 279 290 293 292 292 284 270 260 257 259
294 293 296 303 304 270 280 358 282 282 275 263 254 251 252
280 280 282 288 289 272 347 397 356 351 356 365 371 378 387
267 267 268 274 275 324 381 410 416 418 426 441 452 458 466
255 255 256 261 262 361 403 432 459 466 477 496 511 516 523
244 244 244 248 249 387 426 466 487 499 512 534 552 556 562
234 233 233 236 238 369 410 445 463 475 488 509 527 531 536
224 224 223 226 227 320 350 385 403 413 423 441 456 460 464
214 214 213 215 217 277 303 333 350 358 366 382 394 398 402
206 206 204 207 210 240 266 287 304 310 317 330 340 344 348
203 203 202 203 205 211 213 214 214 215 213 211 210 208 207
201 201 199 200 201 206 207 208 209 209 208 207 207 204 203
198 198 197 196 197 202 202 203 204 204 203 203 203 201 200
196 196 194 193 193 198 197 198 199 199 199 199 200 198 196
194 194 192 191 190 194 194 194 194 194 194 195 196 194 193
193 193 191 190 190 193 191 190 190 190 190 192 193 191 190
191 191 190 189 191 191 188 186 186 186 187 188 191 189 187
192 192 190 190 192 191 187 184 183 184 185 187 189 188 186
193 193 191 190 194 191 186 183 182 182 183 186 189 187 185
358 357 352 362 361 303 317 336 320 320 309 292 279 276 278
337 336 334 343 343 293 306 312 309 309 299 283 272 269 271
317 316 317 326 326 284 295 299 298 298 289 275 265 262 264
299 299 301 309 310 275 285 362 288 288 280 268 259 256 257
286 285 287 294 295 273 350 402 358 352 357 366 372 379 389
273 272 274 280 280 326 385 416 419 421 430 444 456 462 470
261 260 261 266 267 366 409 436 464 472 483 502 517 522 529
249 249 249 253 254 392 431 472 494 506 519 541 559 564 570
238 238 238 241 243 374 416 451 471 483 495 517 535 539 544
228 228 228 230 232 325 355 391 410 419 430 448 463 467 472
219 219 218 220 222 282 309 338 356 364 373 388 401 404 409
211 210 209 211 215 244 271 292 310 315 323 336 346 350 354
208 208 206 208 210 216 217 218 219 219 218 216 215 213 212
205 205 204 204 205 211 212 213 214 214 213 211 211 209 208
203 203 201 201 201 206 207 208 208 209 208 207 208 205 204
201 200 199 198 197 202 202 203 203 204 203 203 204 202 201
199 198 197 195 195 199 199 199 199 199 199 200 201 199 197
197 197 196 194 195 197 196 195 194 195 195 196 198 196 194
196 196 194 193 195 195 193 191 190 191 191 193 195 193 191
196 196 195 194 197 195 192 189 188 188 189 191 194 192 190
198 197 196 195 199 196 191 187 186 187 188 190 193 191 189

//THRUST TOGA
[006]
FORMAT.
ROW.
0 2000 4000 6000 8000 10000 12000 14000 16000 18000 20000 22000 24000 26000 28000 30000 32000 34000 36000 38000 39800
ROWEND.
COLUMN.
0.000 0.100 0.200 0.250 0.300 0.400 0.500 0.600 0.650 0.700 0.725 0.760 0.780 0.800 0.820 COLLINE
0.000 0.100 0.200 0.250 0.300 0.400 0.500 0.600 0.650 0.700 0.725 0.760 0.780 0.800 0.820 COLLINE
0.000 0.100 0.200 0.250 0.300 0.400 0.500 0.600 0.650 0.700 0.725 0.760 0.780 0.800 0.820 COLLINE
0.000 0.100 0.200 0.250 0.300 0.400 0.500 0.600 0.650 0.700 0.725 0.760 0.780 0.800 0.820 COLLINE
0.000 0.100 0.200 0.250 0.300 0.400 0.500 0.600 0.650 0.700 0.725 0.760 0.780 0.800 0.820 COLLINE
0.000 0.100 0.200 0.250 0.300 0.400 0.500 0.600 0.650 0.700 0.725 0.760 0.780 0.800 0.820 COLLINE
0.000 0.100 0.200 0.250 0.300 0.400 0.500 0.600 0.650 0.700 0.725 0.760 0.780 0.800 0.820 COLLINE
0.000 0.100 0.200 0.250 0.300 0.400 0.500 0.600 0.650 0.700 0.725 0.760 0.780 0.800 0.820 COLLINE
0.000 0.100 0.200 0.250 0.300 0.400 0.500 0.600 0.650 0.700 0.725 0.760 0.780 0.800 0.820 COLLINE
0.000 0.100 0.200 0.250 0.300 0.400 0.500 0.600 0.650 0.700 0.725 0.760 0.780 0.800 0.820 COLLINE
0.000 0.100 0.200 0.250 0.300 0.400 0.500 0.600 0.650 0.700 0.725 0.760 0.780 0.800 0.820 COLLINE
0.000 0.100 0.200 0.250 0.300 0.400 0.500 0.600 0.650 0.700 0.725 0.760 0.780 0.800 0.820 COLLINE
0.000 0.100 0.200 0.250 0.300 0.400 0.500 0.600 0.650 0.700 0.725 0.760 0.780 0.800 0.820 COLLINE
0.000 0.100 0.200 0.250 0.300 0.400 0.500 0.600 0.650 0.700 0.725 0.760 0.780 0.800 0.820 COLLINE
0.000 0.100 0.200 0.250 0.300 0.400 0.500 0.600 0.650 0.700 0.725 0.760 0.780 0.800 0.820 COLLINE
0.000 0.100 0.200 0.250 0.300 0.400 0.500 0.600 0.650 0.700 0.725 0.760 0.780 0.800 0.820 COLLINE
0.000 0.100 0.200 0.250 0.300 0.400 0.500 0.600 0.650 0.700 0.725 0.760 0.780 0.800 0.820 COLLINE
0.000 0.100 0.200 0.250 0.300 0.400 0.500 0.600 0.650 0.700 0.725 0.760 0.780 0.800 0.820 COLLINE
0.000 0.100 0.200 0.250 0.300 0.400 0.500 0.600 0.650 0.700 0.725 0.760 0.780 0.800 0.820 COLLINE
0.000 0.100 0.200 0.250 0.300 0.400 0.500 0.600 0.650 0.700 0.725 0.760 0.780 0.800 0.820 COLLINE
0.000 0.100 0.200 0.250 0.300 0.400 0.500 0.600 0.650 0.700 0.725 0.760 0.780 0.800 0.820 COLLINE
COLUMNEND.
GROUP.
10 20 30 40
GROUPEND.
FORMATEND.
14002 12979 11924 11383 10865 09733 07881 06952 06227 05776 05610 05367 05204 05072 04901
13422 12234 11338 10928 10453 09405 08064 06980 06359 05943 05750 05525 05414 05301 05175
12564 11476 10653 10315 09970 09047 08040 07003 06438 06099 05954 05738 05614 05492 05360
11746 10736 09975 09669 09360 08602 07982 06894 06479 06139 05989 05799 05689 05607 05517
10968 09980 09294 09020 08720 08086 07616 06682 06372 06097 05948 05738 05615 05543 05480
10185 09263 08632 08378 08097 07556 07183 06435 06171 05985 05872 05683 05561 05477 05410
09500 08646 08060 07829 07556 07095 06775 06384 05955 05783 05696 05565 05460 05384 05311
08848 08062 07520 07311 07053 06628 06371 06233 05707 05552 05482 05368 05293 05244 05183
08031 07361 06866 06633 06424 06111 05832 05599 05426 05299 05240 05148 05083 05041 04999
07410 06792 06335 06116 05919 05608 05313 05069 04931 04825 04785 04718 04671 04646 04622
06890 06320 05897 05699 05519 05221 04950 04732 04604 04524 04492 04441 04401 04381 04365
06254 05732 05346 05168 05010 04764 04539 04353 04233 04155 04130 04089 04056 04041 04030
05672 05197 04845 04688 04547 04342 04155 03997 03885 03809 03790 03758 03731 03721 03713
04993 04566 04250 04104 03969 03972 03821 03714 03613 03566 03545 03509 03481 03467 03455
04589 04198 03909 03773 03648 03645 03529 03485 03396 03358 03346 03320 03287 03264 03242
04206 03849 03586 03461 03346 03338 03249 03255 03175 03145 03127 03101 03083 03057 03031
03874 03547 03306 03201 03107 03094 03009 02996 02962 02965 02958 02950 02942 02943 02944
03555 03256 03036 02947 02869 02859 02777 02751 02741 02772 02776 02782 02784 02792 02802
03250 02977 02777 02700 02633 02634 02556 02518 02527 02574 02582 02597 02607 02623 02640
02934 02688 02506 02437 02376 02374 02301 02267 02274 02316 02325 02339 02349 02364 02380
02673 02448 02284 02221 02166 02162 02095 02062 02068 02106 02115 02129 02139 02151 02165
13955 12936 11883 11343 10826 09697 07856 06930 06202 05749 05584 05344 05182 05051 04883
13390 12203 11307 10895 10420 09373 08040 06964 06343 05923 05729 05502 05393 05281 05156
12541 11454 10631 10292 09945 09018 08014 06986 06425 06085 05938 05720 05595 05471 05338
11729 10719 09960 09653 09343 08581 07958 06876 06465 06128 05980 05787 05676 05592 05501
10953 09966 09282 09008 08709 08073 07598 06663 06356 06085 05938 05730 05608 05535 05470
10171 09250 08620 08367 08087 07549 07172 06417 06155 05972 05860 05673 05553 05471 05405
09488 08634 08049 07819 07546 07087 06770 06373 05940 05768 05683 05553 05450 05376 05304
08837 08052 07511 07302 07044 06621 06366 06229 05700 05541 05469 05357 05282 05234 05175
08024 07354 06858 06625 06417 06105 05827 05597 05424 05294 05234 05138 05072 05030 04990
07406 06788 06331 06110 05913 05601 05307 05065 04929 04825 04783 04714 04665 04638 04614
06890 06319 05896 05697 05517 05217 04944 04727 04601 04523 04492 04442 04400 04380 04361
06253 05732 05347 05169 05010 04763 04536 04349 04229 04152 04128 04089 04057 04043 04032
05671 05196 04844 04687 04547 04343 04155 03993 03881 03806 03787 03756 03730 03721 03714
04991 04565 04249 04103 03968 03972 03823 03714 03610 03561 03540 03506 03479 03465 03454
04585 04195 03906 03771 03647 03644 03529 03486 03396 03356 03343 03315 03283 03260 03239
04204 03847 03583 03458 03344 03336 03249 03256 03177 03146 03127 03100 03081 03054 03026
03874 03547 03306 03200 03105 03092 03008 02997 02963 02967 02960 02951 02943 02943 02943
03558 03258 03037 02948 02869 02858 02776 02750 02741 02773 02778 02784 02786 02795 02804
03252 02979 02778 02702 02635 02636 02556 02517 02526 02574 02583 02598 02608 02624 02642
02936 02689 02508 02439 02378 02376 02301 02266 02273 02316 02325 02340 02350 02365 02381
02675 02450 02286 02223 02168 02163 02095 02061 02068 02106 02116 02130 02139 02153 02166
13387 12286 11272 10779 10277 09156 06951 06085 05467 05037 04903 04722 04601 04515 04397
12867 11655 10760 10347 09904 08860 07310 06168 05549 05220 05098 04918 04794 04700 04573
12305 11058 10248 09912 09489 08541 07514 06193 05699 05378 05217 05056 04966 04876 04773
11566 10439 09694 09396 09012 08184 07513 06111 05667 05429 05300 05110 05005 04892 04814
10747 09740 09060 08790 08451 07749 07242 05926 05521 05296 05197 05048 04961 04883 04800
09999 09055 08417 08165 07888 07298 06881 05710 05378 05160 05062 04946 04873 04824 04772
09342 08461 07845 07599 07350 06828 06475 05822 05263 05043 04937 04799 04711 04670 04625
08725 07899 07310 07071 06835 06379 06086 05841 05087 04904 04801 04650 04558 04506 04456
07654 07002 06517 06272 06044 05675 05356 05080 04870 04721 04637 04493 04400 04336 04283
07058 06457 06011 05780 05564 05189 04848 04608 04449 04350 04291 04186 04117 04074 04034
06592 06035 05622 05410 05213 04858 04537 04298 04166 04090 04041 03958 03896 03857 03819
05934 05427 05051 04867 04695 04402 04133 03931 03812 03743 03700 03624 03569 03535 03503
05341 04877 04531 04369 04220 03985 03760 03589 03479 03417 03382 03313 03264 03235 03208
04614 04188 03868 03706 03563 03628 03451 03333 03229 03168 03139 03090 03051 03027 03004
04238 03848 03556 03401 03263 03321 03191 03139 03038 02976 02953 02916 02891 02878 02861
03883 03527 03261 03113 02980 03031 02943 02942 02844 02783 02765 02737 02715 02707 02700
03669 03343 03102 02979 02859 02864 02758 02710 02665 02651 02642 02625 02610 02606 02605
03419 03125 02908 02799 02698 02685 02568 02488 02476 02501 02505 02499 02491 02491 02493
03175 02906 02708 02611 02522 02501 02376 02275 02285 02330 02336 02345 02348 02358 02368
02850 02606 02428 02341 02259 02244 02134 02039 02049 02090 02096 02104 02104 02108 02113
02586 02363 02200 02120 02046 02036 01934 01847 01857 01895 01901 01902 01899 01903 01908
12334 11111 10081 09607 09071 07923 06127 05314 04826 04555 04442 04270 04165 04061 03946
11861 10630 09732 09330 08839 07741 06374 05421 04968 04682 04568 04407 04300 04228 04127
11350 10154 09360 09037 08589 07576 06544 05496 05038 04792 04693 04546 04440 04363 04256
10756 09616 08895 08610 08210 07335 06726 05462 05028 04761 04675 04554 04478 04411 04326
10082 09024 08352 08075 07729 07015 06544 05279 04908 04688 04581 04446 04391 04331 04265
09523 08500 07846 07578 07288 06675 06275 05075 04759 04592 04504 04375 04305 04229 04170
09008 08009 07327 07041 06773 06250 05918 05209 04576 04416 04343 04235 04172 04115 04054
08442 07536 06847 06553 06305 05855 05568 05270 04402 04224 04165 04074 04018 03976 03931
07217 06567 06080 05818 05579 05197 04843 04511 04227 04035 03974 03899 03849 03820 03787
06644 06045 05596 05354 05133 04759 04428 04150 03938 03806 03737 03647 03595 03561 03524
06225 05673 05261 05045 04831 04454 04124 03871 03699 03587 03521 03429 03379 03353 03325
05561 05054 04674 04480 04306 04014 03751 03521 03358 03258 03204 03128 03087 03065 03042
04949 04485 04134 03973 03835 03615 03404 03199 03045 02958 02913 02851 02816 02798 02778
04151 03738 03425 03284 03168 03274 03112 02962 02830 02748 02708 02648 02615 02601 02586
03797 03419 03134 02997 02883 02978 02861 02786 02681 02611 02568 02510 02473 02455 02444
03466 03121 02861 02730 02618 02704 02625 02607 02525 02461 02425 02370 02332 02316 02301
03288 02968 02729 02605 02501 02555 02447 02393 02346 02333 02312 02281 02259 02251 02244
03090 02797 02577 02463 02365 02400 02270 02189 02171 02185 02181 02173 02165 02166 02168
02885 02617 02417 02311 02219 02239 02098 01997 02001 02035 02040 02044 02044 02054 02065
02583 02341 02161 02065 01982 01999 01872 01780 01786 01819 01823 01827 01827 01836 01846
02337 02116 01952 01864 01789 01805 01690 01605 01613 01645 01648 01652 01652 01660 01668

//THRUST IDLE
[007]
FORMAT.
ROW.
0 2000 4000 6000 8000 10000 12000 14000 16000 18000 20000 22000 24000 26000 28000 30000 32000 34000 36000 38000 39800
ROWEND.
COLUMN.
0.000 0.100 0.200 0.250 0.300 0.400 0.500 0.600 0.650 0.700 0.725 0.760 0.780 0.800 0.820 COLLINE
0.000 0.100 0.200 0.250 0.300 0.400 0.500 0.600 0.650 0.700 0.725 0.760 0.780 0.800 0.820 COLLINE
0.000 0.100 0.200 0.250 0.300 0.400 0.500 0.600 0.650 0.700 0.725 0.760 0.780 0.800 0.820 COLLINE
0.000 0.100 0.200 0.250 0.300 0.400 0.500 0.600 0.650 0.700 0.725 0.760 0.780 0.800 0.820 COLLINE
0.000 0.100 0.200 0.250 0.300 0.400 0.500 0.600 0.650 0.700 0.725 0.760 0.780 0.800 0.820 COLLINE
0.000 0.100 0.200 0.250 0.300 0.400 0.500 0.600 0.650 0.700 0.725 0.760 0.780 0.800 0.820 COLLINE
0.000 0.100 0.200 0.250 0.300 0.400 0.500 0.600 0.650 0.700 0.725 0.760 0.780 0.800 0.820 COLLINE
0.000 0.100 0.200 0.250 0.300 0.400 0.500 0.600 0.650 0.700 0.725 0.760 0.780 0.800 0.820 COLLINE
0.000 0.100 0.200 0.250 0.300 0.400 0.500 0.600 0.650 0.700 0.725 0.760 0.780 0.800 0.820 COLLINE
0.000 0.100 0.200 0.250 0.300 0.400 0.500 0.600 0.650 0.700 0.725 0.760 0.780 0.800 0.820 COLLINE
0.000 0.100 0.200 0.250 0.300 0.400 0.500 0.600 0.650 0.700 0.725 0.760 0.780 0.800 0.820 COLLINE
0.000 0.100 0.200 0.250 0.300 0.400 0.500 0.600 0.650 0.700 0.725 0.760 0.780 0.800 0.820 COLLINE
0.000 0.100 0.200 0.250 0.300 0.400 0.500 0.600 0.650 0.700 0.725 0.760 0.780 0.800 0.820 COLLINE
0.000 0.100 0.200 0.250 0.300 0.400 0.500 0.600 0.650 0.700 0.725 0.760 0.780 0.800 0.820 COLLINE
0.000 0.100 0.200 0.250 0.300 0.400 0.500 0.600 0.650 0.700 0.725 0.760 0.780 0.800 0.820 COLLINE
0.000 0.100 0.200 0.250 0.300 0.400 0.500 0.600 0.650 0.700 0.725 0.760 0.780 0.800 0.820 COLLINE
0.000 0.100 0.200 0.250 0.300 0.400 0.500 0.600 0.650 0.700 0.725 0.760 0.780 0.800 0.820 COLLINE
0.000 0.100 0.200 0.250 0.300 0.400 0.500 0.600 0.650 0.700 0.725 0.760 0.780 0.800 0.820 COLLINE
0.000 0.100 0.200 0.250 0.300 0.400 0.500 0.600 0.650 0.700 0.725 0.760 0.780 0.800 0.820 COLLINE
0.000 0.100 0.200 0.250 0.300 0.400 0.500 0.600 0.650 0.700 0.725 0.760 0.780 0.800 0.820 COLLINE
0.000 0.100 0.200 0.250 0.300 0.400 0.500 0.600 0.650 0.700 0.725 0.760 0.780 0.800 0.820 COLLINE
COLUMNEND.
GROUP.
10 20 30 40
GROUPEND.
0374 0216 0085 0002 -0096 -0528 -0471 -0774 -1016 -1165 -1245 -1366 -1442 -1476 -1498
0375 0222 0097 0023 -0068 -0462 -0421 -0719 -0924 -1063 -1137 -1250 -1320 -1353 -1373
0375 0227 0109 0043 -0042 -0399 -0375 -0663 -0837 -0966 -1035 -1140 -1205 -1235 -1255
0379 0234 0125 0062 -0018 -0340 -0330 -0469 -0755 -0875 -0939 -1036 -1096 -1124 -1143
0388 0247 0140 0080 0005 -0254 -0175 -0324 -0518 -0640 -0680 -0739 -0774 -0787 -0792
0397 0258 0154 0097 0027 -0055 -0074 -0226 -0317 -0420 -0453 -0501 -0529 -0541 -0550
0406 0269 0167 0113 0047 0105 0008 -0109 -0152 -0239 -0266 -0304 -0325 -0338 -0349
0413 0280 0180 0127 0066 0233 0097 0032 -0017 -0090 -0113 -0143 -0158 -0171 -0183
0421 0289 0191 0141 0084 0248 0124 0062 0014 -0051 -0071 -0098 -0111 -0123 -0135
0428 0298 0202 0154 0101 0182 0067 0012 -0029 -0092 -0111 -0138 -0151 -0162 -0172
0434 0307 0212 0166 0117 0128 0031 -0028 -0063 -0123 -0141 -0167 -0181 -0190 -0199
0441 0315 0222 0180 0136 0084 0012 -0059 -0088 -0146 -0163 -0189 -0202 -0211 -0218
0459 0333 0240 0197 0157 0055 -0036 -0146 -0205 -0265 -0295 -0340 -0367 -0383 -0396
0476 0349 0256 0214 0177 0086 -0012 -0110 -0162 -0217 -0244 -0285 -0309 -0325 -0337
0491 0365 0271 0230 0196 0115 0009 -0076 -0122 -0172 -0197 -0234 -0256 -0270 -0283
0506 0379 0285 0244 0213 0142 0030 -0041 -0084 -0131 -0153 -0186 -0206 -0220 -0232
0520 0394 0300 0259 0230 0166 0056 -0009 -0049 -0092 -0112 -0142 -0160 -0173 -0184
0537 0414 0321 0281 0251 0188 0080 0021 -0017 -0056 -0075 -0101 -0117 -0129 -0140
0552 0432 0340 0301 0271 0208 0102 0049 0013 -0023 -0040 -0063 -0077 -0089 -0100
0565 0449 0358 0319 0289 0226 0123 0074 0040 0007 -0007 -0029 -0041 -0051 -0062
0578 0464 0373 0334 0303 0241 0139 0095 0063 0033 0019 0000 -0011 -0021 -0031
0373 0216 0085 0002 -0095 -0526 -0469 -0774 -1014 -1162 -1242 -1363 -1439 -1473 -1494
0374 0221 0097 0023 -0068 -0460 -0420 -0719 -0922 -1060 -1135 -1247 -1317 -1349 -1370
0374 0226 0109 0043 -0042 -0398 -0374 -0661 -0835 -0964 -1033 -1137 -1203 -1233 -1252
0378 0234 0125 0062 -0018 -0339 -0330 -0469 -0754 -0873 -0938 -1034 -1094 -1122 -1141
0388 0246 0140 0080 0005 -0257 -0177 -0325 -0520 -0642 -0682 -0740 -0776 -0789 -0794
0397 0258 0154 0097 0027 -0058 -0076 -0227 -0319 -0422 -0455 -0503 -0531 -0543 -0552
0405 0269 0167 0113 0047 0103 0007 -0111 -0153 -0240 -0267 -0306 -0327 -0340 -0350
0413 0279 0180 0127 0066 0231 0095 0030 -0019 -0092 -0114 -0145 -0160 -0173 -0185
0420 0289 0191 0141 0084 0246 0122 0060 0013 -0053 -0073 -0100 -0113 -0125 -0137
0427 0298 0202 0154 0101 0181 0066 0011 -0030 -0093 -0112 -0139 -0152 -0163 -0173
0434 0307 0212 0166 0117 0127 0031 -0029 -0063 -0123 -0142 -0168 -0182 -0191 -0200
0441 0315 0222 0179 0136 0083 0011 -0060 -0089 -0146 -0164 -0189 -0203 -0211 -0218
0459 0333 0239 0197 0157 0055 -0036 -0146 -0205 -0265 -0295 -0340 -0366 -0383 -0396
0476 0349 0256 0214 0177 0086 -0012 -0110 -0162 -0217 -0244 -0285 -0309 -0324 -0337
0491 0365 0271 0229 0196 0115 0009 -0076 -0122 -0172 -0197 -0234 -0256 -0270 -0282
0506 0379 0285 0244 0213 0142 0030 -0041 -0084 -0131 -0153 -0186 -0206 -0220 -0232
0520 0394 0300 0259 0230 0166 0056 -0009 -0049 -0092 -0112 -0142 -0160 -0173 -0184
0536 0414 0321 0281 0251 0188 0080 0021 -0017 -0056 -0075 -0101 -0117 -0129 -0140
0551 0432 0340 0301 0271 0208 0102 0049 0013 -0023 -0040 -0063 -0077 -0089 -0100
0565 0449 0358 0319 0288 0226 0123 0074 0040 0007 -0007 -0029 -0041 -0051 -0062
0578 0464 0373 0334 0303 0241 0139 0095 0063 0033 0019 0000 -0011 -0021 -0031
0373 0215 0085 0002 -0095 -0525 -0468 -0774 -1011 -1159 -1239 -1359 -1435 -1469 -1491
0373 0221 0097 0023 -0068 -0459 -0419 -0720 -0920 -1058 -1132 -1244 -1314 -1346 -1367
0374 0226 0109 0043 -0042 -0397 -0373 -0660 -0834 -0962 -1031 -1135 -1200 -1230 -1250
0377 0234 0125 0062 -0018 -0339 -0329 -0470 -0752 -0872 -0936 -1032 -1092 -1120 -1139
0387 0246 0140 0080 0005 -0260 -0178 -0325 -0522 -0644 -0684 -0743 -0778 -0791 -0796
0396 0258 0154 0097 0027 -0061 -0077 -0227 -0321 -0424 -0457 -0505 -0533 -0545 -0554
0405 0269 0167 0112 0047 0100 0005 -0113 -0155 -0242 -0269 -0308 -0329 -0342 -0352
0413 0279 0179 0127 0066 0228 0093 0028 -0021 -0094 -0116 -0147 -0162 -0175 -0187
0420 0289 0191 0141 0084 0244 0120 0059 0011 -0054 -0074 -0101 -0114 -0126 -0138
0427 0298 0202 0154 0101 0180 0064 0009 -0031 -0094 -0113 -0140 -0153 -0164 -0174
0434 0306 0212 0166 0117 0126 0030 -0030 -0064 -0124 -0143 -0169 -0182 -0192 -0201
0440 0315 0222 0179 0136 0082 0011 -0061 -0090 -0147 -0165 -0190 -0203 -0212 -0219
0459 0332 0239 0197 0157 0055 -0035 -0146 -0205 -0265 -0295 -0339 -0366 -0382 -0396
0475 0349 0256 0214 0177 0086 -0012 -0110 -0162 -0217 -0244 -0285 -0309 -0324 -0337
0491 0365 0271 0229 0195 0115 0009 -0076 -0122 -0172 -0197 -0234 -0255 -0270 -0282
0506 0379 0285 0244 0213 0142 0030 -0041 -0084 -0131 -0153 -0186 -0206 -0219 -0231
0520 0394 0300 0259 0230 0166 0056 -0009 -0049 -0092 -0112 -0142 -0160 -0172 -0184
0536 0414 0321 0280 0251 0188 0080 0021 -0017 -0056 -0075 -0101 -0117 -0129 -0140
0551 0432 0340 0300 0271 0208 0102 0049 0013 -0023 -0040 -0063 -0077 -0089 -0100
0565 0449 0358 0319 0288 0226 0122 0074 0040 0007 -0007 -0029 -0041 -0051 -0062
0578 0464 0373 0334 0303 0241 0139 0095 0063 0033 0019 0000 -0011 -0021 -0031
0370 0214 0085 0002 -0094 -0521 -0465 -0775 -1004 -1150 -1230 -1350 -1425 -1458 -1480
0371 0219 0096 0023 -0067 -0456 -0416 -0721 -0913 -1050 -1124 -1235 -1305 -1336 -1357
0371 0225 0108 0043 -0042 -0395 -0370 -0655 -0828 -0955 -1024 -1127 -1192 -1221 -1241
0375 0232 0124 0062 -0018 -0336 -0327 -0471 -0748 -0866 -0930 -1026 -1085 -1113 -1132
0385 0245 0139 0080 0005 -0268 -0182 -0328 -0529 -0651 -0690 -0749 -0785 -0797 -0802
0394 0257 0153 0096 0027 -0069 -0081 -0230 -0327 -0431 -0463 -0511 -0539 -0551 -0560
0403 0268 0166 0112 0047 0093 0002 -0120 -0161 -0248 -0275 -0314 -0335 -0347 -0358
0411 0278 0179 0127 0066 0221 0087 0022 -0026 -0099 -0121 -0152 -0167 -0180 -0192
0419 0288 0190 0141 0084 0239 0115 0054 0007 -0059 -0078 -0106 -0119 -0131 -0142
0426 0297 0201 0154 0101 0175 0060 0006 -0034 -0097 -0116 -0143 -0157 -0167 -0177
0433 0306 0212 0166 0116 0123 0029 -0033 -0067 -0127 -0145 -0171 -0185 -0195 -0203
0440 0314 0221 0179 0136 0079 0010 -0063 -0092 -0149 -0166 -0192 -0205 -0214 -0221
0458 0332 0239 0197 0157 0055 -0035 -0145 -0205 -0264 -0294 -0339 -0365 -0382 -0395
0475 0349 0255 0214 0177 0086 -0012 -0110 -0161 -0216 -0244 -0284 -0308 -0324 -0337
0490 0364 0271 0229 0195 0115 0009 -0076 -0121 -0172 -0197 -0233 -0255 -0270 -0282
0505 0379 0285 0244 0212 0142 0030 -0041 -0084 -0131 -0153 -0186 -0206 -0219 -0231
0520 0394 0300 0259 0230 0166 0056 -0009 -0049 -0092 -0112 -0142 -0159 -0172 -0184
0536 0414 0321 0280 0251 0188 0080 0021 -0017 -0056 -0075 -0101 -0117 -0129 -0140
0551 0432 0340 0300 0270 0208 0102 0049 0013 -0023 -0040 -0063 -0077 -0088 -0099
0565 0448 0358 0319 0288 0226 0122 0074 0040 0007 -0007 -0029 -0041 -0051 -0062
0578 0464 0373 0334 0303 0241 0139 0095 0063 0032 0019 0000 -0011 -0021 -0031

//END OF FILE SPACE NEEDED